I
1200 Generated by WorldEditor 2.5.0b3

1   1647 0 0 EDFH Frankfurt Hahn
1302 gui_label 2D
100 46.06 1 0 0.25 1 3 0  03  49.93094913  007.24639070 1113 0 3 1 0 0 21  49.96024600  007.27528208 296 0 3 2 1 0
110 1 0.00 0.0 New Taxiway 26
111  49.93777902  007.25867311
111  49.93726949  007.25884848
112  49.93726949  007.25884848  49.93724627  007.25885750
111  49.93722997  007.25883530
111  49.93684817  007.25814557
111  49.93672939  007.25825970
111  49.93700089  007.25873424
112  49.93700089  007.25873424  49.93708071  007.25890786
111  49.93697261  007.25893197
111  49.93637029  007.25914097
111  49.93639994  007.25935309
111  49.93683403  007.25920902
111  49.93737550  007.25903303
112  49.93737550  007.25903303  49.93741324  007.25902401
111  49.93744208  007.25910772
111  49.93751691  007.25909454
111  49.93752127  007.25902863
112  49.93752127  007.25902863  49.93752272  007.25899030
111  49.93757362  007.25897151
113  49.93780172  007.25888567
110 1 0.00 0.0 New Taxiway 24
111  49.93961691  007.26051226
111  49.93950567  007.26078171
111  49.93954813  007.26083031
111  49.93953100  007.26088007
111  49.93954142  007.26089279
111  49.93953323  007.26092057
111  49.93958685  007.26097727
113  49.93973965  007.26063884
110 1 0.00 0.0 New Taxiway 23
111  49.94182865  007.26427145
111  49.94194490  007.26396901
111  49.94219541  007.26420984
111  49.94212512  007.26437087
111  49.94214333  007.26439349
111  49.94231961  007.26396227
111  49.94179975  007.26344994
113  49.94155817  007.26401037
110 1 0.00 0.0 New Taxiway 22
111  49.94309634  007.26487458
111  49.94292008  007.26534837
111  49.94333995  007.26573850
111  49.94341901  007.26555046
111  49.94350260  007.26566998
111  49.94349850  007.26568323
111  49.94363821  007.26604119
111  49.94364534  007.26604119
111  49.94366318  007.26609356
111  49.94384855  007.26652330
111  49.94393743  007.26644345
111  49.94383249  007.26616255
111  49.94379864  007.26608049
111  49.94373257  007.26604890
111  49.94370383  007.26600423
111  49.94356009  007.26562377
112  49.94356009  007.26562377  49.94354067  007.26556916
111  49.94356109  007.26551287
111  49.94359281  007.26544664
111  49.94361917  007.26539736
111  49.94352196  007.26530639
111  49.94350201  007.26537312
111  49.94314476  007.26502923
111  49.94317351  007.26496916
113  49.94318838  007.26496300
110 1 0.00 0.0 New Taxiway 21
111  49.95099868  007.27194818
111  49.95056452  007.27300805
112  49.95056452  007.27300805  49.95052815  007.27313936
111  49.95059487  007.27319490
111  49.95051337  007.27339676
111  49.95076729  007.27364494
111  49.95127744  007.27240095
111  49.95171382  007.27283403
112  49.95171382  007.27283403  49.95184251  007.27297142
111  49.95181117  007.27315790
111  49.95192800  007.27327405
111  49.95205143  007.27297809
113  49.95182931  007.27278071
110 2 0.00 0.0 New Taxiway 20
111  49.95443788  007.27890627
111  49.95435760  007.27874530
111  49.95441115  007.27859243
111  49.95447208  007.27852905
111  49.95438978  007.27834009
111  49.95432691  007.27841378
111  49.95421479  007.27841639
111  49.95418287  007.27845596
111  49.95412380  007.27851747
112  49.95412380  007.27851747  49.95408008  007.27861678
111  49.95412817  007.27872706
112  49.95412817  007.27872706  49.95416037  007.27880958
111  49.95421060  007.27879913
113  49.95433015  007.27901886
110 1 0.00 0.0 New Taxiway 19
111  49.95967349  007.27585363
112  49.95967349  007.27585363  49.95963625  007.27605990
111  49.95965356  007.27626781
112  49.95965356  007.27626781  49.95966304  007.27640672
111  49.95969592  007.27662883
112  49.95969592  007.27662883  49.95971420  007.27676459
111  49.95975729  007.27702153
111  49.95979017  007.27714673
111  49.95971824  007.27733619
112  49.95971824  007.27733619  49.95969996  007.27739301
111  49.95967481  007.27738557
111  49.95963259  007.27738351
112  49.95963259  007.27738351  49.95962040  007.27738772
111  49.95959697  007.27735890
111  49.95922227  007.27693849
112  49.95922227  007.27693849  49.95911462  007.27683957
111  49.95910041  007.27667543
112  49.95910041  007.27667543  49.95908958  007.27655336
111  49.95902777  007.27641816
112  49.95902777  007.27641816  49.95897090  007.27628450
111  49.95884014  007.27627623
112  49.95884014  007.27627623  49.95874671  007.27627202
111  49.95863879  007.27610949
111  49.95843354  007.27572090
111  49.95791180  007.27472723
111  49.95753429  007.27401378
111  49.95750160  007.27395355
111  49.95747281  007.27390880
111  49.95744778  007.27395283
111  49.95747162  007.27398524
111  49.95758196  007.27418099
111  49.95773788  007.27448300
111  49.95808091  007.27513924
111  49.95837117  007.27567988
111  49.95815408  007.27556592
111  49.95793099  007.27544684
111  49.95784943  007.27540396
111  49.95778826  007.27536295
112  49.95778826  007.27536295  49.95777133  007.27535558
111  49.95773398  007.27530005
111  49.95773069  007.27549904
112  49.95773069  007.27549904  49.95774355  007.27548115
111  49.95778706  007.27546176
112  49.95778706  007.27546176  49.95782836  007.27544703
111  49.95788197  007.27547748
111  49.95823804  007.27566554
112  49.95823804  007.27566554  49.95833824  007.27570869
111  49.95842874  007.27580666
112  49.95842874  007.27580666  49.95844567  007.27581718
111  49.95850597  007.27594437
111  49.95860010  007.27612756
112  49.95860010  007.27612756  49.95869895  007.27630541
111  49.95878377  007.27632680
112  49.95878377  007.27632680  49.95886095  007.27633417
111  49.95893849  007.27640138
112  49.95893849  007.27640138  49.95899401  007.27645084
111  49.95901885  007.27658594
111  49.95905963  007.27683916
111  49.95920492  007.27700040
111  49.95932523  007.27713698
111  49.95952052  007.27735812
112  49.95952052  007.27735812  49.95964915  007.27753071
111  49.95956458  007.27764863
111  49.95923115  007.27834800
111  49.95917238  007.27848199
111  49.95922635  007.27851182
112  49.95922635  007.27851182  49.95922364  007.27848656
111  49.95924314  007.27843538
111  49.95941346  007.27809420
111  49.95968265  007.27754479
112  49.95968265  007.27754479  49.95971244  007.27749533
111  49.95984765  007.27717694
111  49.96002636  007.27679336
112  49.96002636  007.27679336  49.96004057  007.27675232
111  49.96013895  007.27658642
111  49.96010728  007.27654718
111  49.95999893  007.27676134
111  49.95982141  007.27710739
112  49.95982141  007.27710739  49.95980516  007.27709477
111  49.95978355  007.27700170
112  49.95978355  007.27700170  49.95977340  007.27697644
111  49.95971232  007.27654120
112  49.95971232  007.27654120  49.95969269  007.27644017
111  49.95968114  007.27623812
112  49.95968114  007.27623812  49.95966489  007.27603080
113  49.95970080  007.27587929
110 1 0.00 0.0 New Taxiway 18
111  49.94641334  007.26727133
112  49.94641334  007.26727133  49.94633404  007.26736095
111  49.94627109  007.26728846
111  49.94587542  007.26689998
111  49.94588838  007.26686821
111  49.94564687  007.26661415
112  49.94564687  007.26661415  49.94566757  007.26667675
111  49.94565647  007.26671540
111  49.94560171  007.26685445
112  49.94560171  007.26685445  49.94553233  007.26693879
111  49.94548086  007.26686921
111  49.94498438  007.26636066
111  49.94499518  007.26632945
111  49.94496234  007.26629515
111  49.94494879  007.26632265
111  49.94430827  007.26565158
112  49.94430827  007.26565158  49.94429337  007.26566702
111  49.94423939  007.26575857
111  49.94440276  007.26593112
111  49.94489779  007.26644224
111  49.94504131  007.26658838
111  49.94522992  007.26677818
112  49.94522992  007.26677818  49.94533234  007.26687973
111  49.94529478  007.26700321
111  49.94521027  007.26713011
111  49.94530427  007.26722089
111  49.94560630  007.26716836
112  49.94560630  007.26716836  49.94565598  007.26715827
111  49.94566224  007.26712939
111  49.94577351  007.26686197
111  49.94583146  007.26691891
111  49.94566896  007.26731152
111  49.94612945  007.26776763
111  49.94618533  007.26762686
113  49.94624151  007.26768056
110 1 0.00 0.0 New Taxiway 17
111  49.95089888  007.26659485
112  49.95089888  007.26659485  49.95093661  007.26698955
111  49.95073637  007.26703218
111  49.95012769  007.26717734
111  49.94980026  007.26720148
112  49.94980026  007.26720148  49.94950208  007.26720968
111  49.94936755  007.26757494
112  49.94936755  007.26757494  49.94926200  007.26783124
111  49.94898292  007.26833940
112  49.94898292  007.26833940  49.94887869  007.26856289
111  49.94870294  007.26843873
111  49.94827317  007.26811937
111  49.94910242  007.26894343
111  49.94976152  007.26959351
111  49.94945805  007.26921431
112  49.94945805  007.26921431  49.94922848  007.26893341
111  49.94931400  007.26848327
111  49.94941280  007.26815071
111  49.94956269  007.26785624
111  49.94963905  007.26771560
112  49.94963905  007.26771560  49.94968259  007.26765409
111  49.94976632  007.26762331
111  49.95029235  007.26749614
111  49.95120170  007.26742755
111  49.95146038  007.26742110
112  49.95146038  007.26742110  49.95154877  007.26741289
113  49.95181106  007.26748204
110 1 0.00 0.0 New Taxiway 16
111  49.95872180  007.27329738
111  49.95798082  007.27257205
111  49.95622172  007.27083572
111  49.95619344  007.27080935
111  49.95437777  007.26902163
111  49.95247061  007.26713488
111  49.95046644  007.26516117
111  49.94905803  007.26377231
111  49.94733003  007.26206706
111  49.94596022  007.26071497
111  49.94429543  007.25907728
111  49.94279552  007.25760067
111  49.94185191  007.25666596
111  49.94094973  007.25576510
111  49.93905998  007.25391953
111  49.93806868  007.25294409
111  49.93779783  007.25267823
111  49.93720926  007.25208730
111  49.93616172  007.25104742
111  49.93536491  007.25026175
111  49.93406777  007.24899745
111  49.93253464  007.24748231
111  49.93170907  007.24667030
111  49.93109315  007.24606118
111  49.93107162  007.24611048
111  49.93083902  007.24667360
111  49.93080092  007.24676272
111  49.93154872  007.24750542
111  49.93263011  007.24857998
111  49.93309984  007.24904035
111  49.93464162  007.25055003
111  49.93466371  007.25050294
111  49.93507778  007.25090685
111  49.93697098  007.25277479
111  49.93678884  007.25320078
111  49.93718916  007.25360440
111  49.93777770  007.25357473
111  49.93921762  007.25499864
111  49.94024396  007.25602318
111  49.94148823  007.25725499
111  49.94338874  007.25912261
111  49.94430506  007.26000876
111  49.94553286  007.26123058
111  49.94600299  007.26174617
111  49.94605510  007.26174729
111  49.94730620  007.26299363
111  49.94728933  007.26303553
111  49.94928791  007.26500215
111  49.95089888  007.26659485
111  49.95258000  007.26825244
111  49.95326081  007.26892305
111  49.95452496  007.27017335
111  49.95495284  007.27059516
111  49.95556118  007.27119253
111  49.95625950  007.27188464
111  49.95678562  007.27240316
112  49.95678562  007.27240316  49.95683959  007.27244604
111  49.95685547  007.27252046
111  49.95690627  007.27289266
111  49.95739680  007.27337089
112  49.95739680  007.27337089  49.95742919  007.27343241
111  49.95741207  007.27348710
111  49.95752616  007.27359316
111  49.95758457  007.27365250
111  49.95764062  007.27352203
111  49.95770012  007.27344082
112  49.95770012  007.27344082  49.95773130  007.27338862
111  49.95777849  007.27338806
111  49.95784575  007.27344268
111  49.95843157  007.27403184
111  49.95924284  007.27483718
112  49.95924284  007.27483718  49.95927882  007.27488565
111  49.95928928  007.27493193
111  49.95950943  007.27570678
111  49.95991389  007.27609813
113  49.96039371  007.27494772
110 1 0.00 0.0 New Taxiway 15
111  49.95119342  007.27176319
112  49.95119342  007.27176319  49.95110202  007.27168638
111  49.95106415  007.27179797
111  49.95180202  007.27254737
113  49.95185635  007.27241435
110 1 0.00 0.0 New Taxiway 14
111  49.95664517  007.27703208
111  49.95689065  007.27808453
111  49.95676331  007.27815610
111  49.95672159  007.27817795
111  49.95679031  007.27842495
111  49.95682846  007.27858364
112  49.95682846  007.27858364  49.95684877  007.27863626
111  49.95686862  007.27865144
111  49.95694839  007.27893386
111  49.95700885  007.27899702
111  49.95702752  007.27908189
111  49.95706857  007.27905686
111  49.95703269  007.27887638
112  49.95703269  007.27887638  49.95702530  007.27883333
111  49.95705262  007.27886119
111  49.95725175  007.27905734
111  49.95734452  007.27914304
111  49.95740095  007.27920718
111  49.95767649  007.27958512
112  49.95767649  007.27958512  49.95769003  007.27961286
111  49.95769046  007.27964915
111  49.95785755  007.27924352
112  49.95781837  007.27923075  49.95779314  007.27920014
111  49.95781837  007.27923075
111  49.95757895  007.27899881
111  49.95739936  007.27880377
111  49.95714006  007.27850364
112  49.95703143  007.27831753  49.95700620  007.27823621
111  49.95703143  007.27831753
111  49.95686681  007.27777519
111  49.95684221  007.27770110
111  49.95667542  007.27703292
112  49.95667542  007.27703292  49.95666250  007.27700804
111  49.95666035  007.27689619
114  49.95666035  007.27689619  49.95664866  007.27690671
110 2 0.00 0.0 New Taxiway 13
111  49.95706857  007.27905686
111  49.95702752  007.27908189
111  49.95700885  007.27899702
111  49.95694839  007.27893386
111  49.95705429  007.27940639
111  49.95705512  007.27946154
111  49.95697987  007.27956747
111  49.95691799  007.27969478
111  49.95695532  007.27983980
111  49.95702273  007.27990142
111  49.95726597  007.27977189
113  49.95718933  007.27935614
110 2 0.00 0.0 New Taxiway 12
111  49.95626060  007.27878379
111  49.95621930  007.27894822
112  49.95621930  007.27894822  49.95623303  007.27905179
111  49.95629162  007.27907505
112  49.95629162  007.27907505  49.95634961  007.27910272
111  49.95639972  007.27904340
112  49.95639972  007.27904340  49.95643481  007.27899913
111  49.95644979  007.27887530
113  49.95617821  007.27869911
110 2 0.00 0.0 New Taxiway 11
111  49.95566822  007.27796506
111  49.95570239  007.27810803
111  49.95573860  007.27813844
111  49.95575499  007.27806925
111  49.95588013  007.27814021
112  49.95588013  007.27814021  49.95595690  007.27810858
111  49.95596011  007.27798786
111  49.95599580  007.27795397
111  49.95589172  007.27763659
111  49.95570140  007.27763813
113  49.95567364  007.27771516
110 2 0.00 0.0 New Taxiway 10
111  49.95558911  007.27869262
111  49.95553211  007.27891758
112  49.95553211  007.27891758  49.95542510  007.27897050
111  49.95545237  007.27912435
111  49.95538001  007.27915006
111  49.95539135  007.27920237
111  49.95546272  007.27917780
112  49.95546272  007.27917780  49.95551252  007.27928216
111  49.95557546  007.27926005
111  49.95581789  007.27971328
112  49.95581789  007.27971328  49.95586377  007.27980633
111  49.95584336  007.27985146
111  49.95571187  007.28001806
111  49.95624186  007.28096379
111  49.95664681  007.28043556
111  49.95613275  007.27946873
111  49.95600648  007.27962881
112  49.95600648  007.27962881  49.95597444  007.27965332
111  49.95594595  007.27962003
111  49.95566386  007.27911396
112  49.95565682  007.27899284  49.95562630  007.27891615
111  49.95565682  007.27899284
113  49.95571398  007.27877195
110 1 0.00 0.0 New Taxiway 9
111  49.95469735  007.27575942
112  49.95469735  007.27575942  49.95463529  007.27566613
111  49.95449002  007.27565204
111  49.95436594  007.27553392
111  49.95417686  007.27600533
112  49.95465757  007.27585645  49.95496849  007.27609452
113  49.95465757  007.27585645
110 1 0.00 0.0 New Taxiway 8
111  49.95655443  007.27755351
112  49.95655443  007.27755351  49.95651674  007.27759171
111  49.95646654  007.27753306
111  49.95628522  007.27722933
111  49.95600967  007.27671568
111  49.95561063  007.27597081
111  49.95554927  007.27602865
111  49.95556890  007.27604221
111  49.95600646  007.27686981
112  49.95600646  007.27686981  49.95606395  007.27704236
111  49.95592568  007.27718915
112  49.95592568  007.27718915  49.95589991  007.27722612
111  49.95576412  007.27728740
112  49.95576412  007.27728740  49.95571258  007.27730743
111  49.95555339  007.27732834
111  49.95527454  007.27733135
112  49.95527454  007.27733135  49.95523588  007.27734060
111  49.95519524  007.27726818
111  49.95519185  007.27665861
111  49.95505566  007.27665696
111  49.95505844  007.27723737
112  49.95505844  007.27723737  49.95505448  007.27733443
111  49.95497881  007.27733232
111  49.95445525  007.27734168
111  49.95445525  007.27745099
111  49.95498114  007.27745220
112  49.95498114  007.27745220  49.95505648  007.27750458
111  49.95505431  007.27757935
111  49.95505594  007.27816057
112  49.95505594  007.27816057  49.95505990  007.27824993
111  49.95502088  007.27830225
111  49.95452012  007.27890319
112  49.95452012  007.27890319  49.95448146  007.27896482
111  49.95443788  007.27890627
111  49.95433015  007.27901886
112  49.95433015  007.27901886  49.95432420  007.27906971
111  49.95428545  007.27906199
111  49.95394524  007.27895555
111  49.95379853  007.27866900
111  49.95351757  007.27856789
111  49.95341821  007.27945948
111  49.95367622  007.27954504
111  49.95368899  007.27944792
111  49.95374905  007.27946359
111  49.95384005  007.27938915
111  49.95388475  007.27935972
111  49.95400029  007.27939780
112  49.95400029  007.27939780  49.95402607  007.27944093
111  49.95400828  007.27950046
111  49.95395086  007.27957020
111  49.95402985  007.27973343
111  49.95452970  007.27914848
111  49.95478034  007.27883089
111  49.95495913  007.27862992
112  49.95495913  007.27862992  49.95498491  007.27862375
111  49.95501181  007.27863984
112  49.95501181  007.27863984  49.95505994  007.27866072
111  49.95505651  007.27876638
111  49.95505082  007.27938705
111  49.95518689  007.27939124
111  49.95518618  007.27852704
112  49.95518618  007.27852704  49.95518114  007.27833919
111  49.95526982  007.27836816
111  49.95554992  007.27853698
112  49.95554992  007.27853698  49.95561203  007.27860656
111  49.95558911  007.27869262
111  49.95571398  007.27877195
112  49.95571398  007.27877195  49.95574475  007.27865106
111  49.95581916  007.27870293
111  49.95621930  007.27894822
111  49.95626060  007.27878379
111  49.95617821  007.27869911
111  49.95586819  007.27852090
112  49.95586819  007.27852090  49.95579042  007.27847307
111  49.95581806  007.27835849
111  49.95588013  007.27814021
111  49.95575499  007.27806925
111  49.95569984  007.27829308
112  49.95569984  007.27829308  49.95567746  007.27837918
111  49.95562058  007.27836265
111  49.95524704  007.27814195
112  49.95524704  007.27814195  49.95517486  007.27810717
111  49.95518173  007.27800210
111  49.95518754  007.27752390
112  49.95518754  007.27752390  49.95520433  007.27747085
111  49.95522963  007.27744495
111  49.95529058  007.27742691
111  49.95552569  007.27742240
112  49.95552569  007.27742240  49.95567844  007.27742761
111  49.95586093  007.27734119
111  49.95596107  007.27728931
112  49.95596107  007.27728931  49.95613565  007.27721017
111  49.95627455  007.27736826
111  49.95635582  007.27748556
111  49.95660545  007.27791865
111  49.95660109  007.27793219
111  49.95667611  007.27819709
113  49.95670483  007.27818594
110 2 0.00 0.0 New Taxiway 5
111  49.95921282  007.28040963
111  49.95790193  007.27913456
111  49.95785755  007.27924352
111  49.95769046  007.27964915
111  49.95760474  007.27986459
112  49.95760474  007.27986459  49.95759120  007.27989721
111  49.95757635  007.27990255
111  49.95747994  007.27995282
111  49.95742666  007.27991286
111  49.95726477  007.28027202
111  49.95801374  007.28097402
111  49.95877236  007.28166717
111  49.95881347  007.28156290
113  49.95878556  007.28146289
110 2 0.00 0.0 New Taxiway 4
111  49.95758457  007.27365250
111  49.95752616  007.27359316
111  49.95741292  007.27387062
111  49.95736896  007.27397302
112  49.95736896  007.27397302  49.95732649  007.27407538
111  49.95720392  007.27420588
111  49.95678246  007.27463763
111  49.95600058  007.27544405
111  49.95605929  007.27542916
112  49.95605929  007.27542916  49.95610114  007.27543394
111  49.95613911  007.27550608
111  49.95649990  007.27704696
111  49.95676331  007.27815610
111  49.95689065  007.27808453
111  49.95664517  007.27703208
112  49.95664517  007.27703208  49.95664271  007.27689527
111  49.95670866  007.27679444
111  49.95698361  007.27653085
111  49.95756630  007.27593285
112  49.95756630  007.27593285  49.95785004  007.27560854
111  49.95770861  007.27512920
111  49.95741583  007.27436801
112  49.95741583  007.27436801  49.95737705  007.27424077
113  49.95741694  007.27406648
112  49.95727870  007.27464161  49.95735480  007.27475641
111  49.95727870  007.27464161
111  49.95733522  007.27476424
111  49.95733913  007.27479207
111  49.95735256  007.27481816
111  49.95744489  007.27504950
112  49.95740255  007.27558495  49.95724616  007.27585467
111  49.95740255  007.27558495
111  49.95686894  007.27613750
112  49.95647409  007.27600357  49.95630578  007.27562273
111  49.95647409  007.27600357
111  49.95641179  007.27574101
111  49.95642038  007.27573396
111  49.95643423  007.27554893
111  49.95708227  007.27488862
113  49.95713112  007.27453979
110 2 0.00 0.0 New Taxiway 3
111  49.95543393  007.27577334
111  49.95539345  007.27580432
111  49.95532768  007.27585440
112  49.95532768  007.27585440  49.95532338  007.27586205
111  49.95527948  007.27588251
111  49.95494135  007.27600451
111  49.95469735  007.27575942
111  49.95465757  007.27585645
111  49.95491045  007.27611342
112  49.95491045  007.27611342  49.95505139  007.27630953
111  49.95505023  007.27650276
111  49.95505566  007.27665696
111  49.95519185  007.27665861
111  49.95519826  007.27645785
112  49.95519826  007.27645785  49.95523519  007.27621009
111  49.95534121  007.27611437
113  49.95551707  007.27593764
110 2 0.00 0.0 New Taxiway 2
111  49.94583146  007.26691891
111  49.94577351  007.26686197
111  49.94566224  007.26712939
112  49.94566224  007.26712939  49.94564837  007.26715598
111  49.94560630  007.26716836
111  49.94530427  007.26722089
111  49.94521027  007.26713011
111  49.94513355  007.26732101
111  49.94588063  007.26804527
111  49.94593417  007.26790798
111  49.94580075  007.26777820
111  49.94586145  007.26762585
111  49.94568369  007.26744290
112  49.94566896  007.26731152  49.94570980  007.26723239
113  49.94566896  007.26731152
110 2 0.00 0.0 New Taxiway 1
111  49.94433464  007.26545366
111  49.94432267  007.26543980
111  49.94424578  007.26557656
111  49.94419606  007.26566388
112  49.94419606  007.26566388  49.94417886  007.26570189
111  49.94411888  007.26567335
111  49.94395297  007.26552574
111  49.94391983  007.26559669
111  49.94400243  007.26567335
111  49.94402409  007.26572911
111  49.94403154  007.26577540
111  49.94403560  007.26581222
111  49.94400378  007.26589007
111  49.94379864  007.26608049
111  49.94383249  007.26616255
111  49.94393743  007.26644345
111  49.94416086  007.26623304
112  49.94416086  007.26623304  49.94414251  007.26615762
111  49.94404644  007.26596372
112  49.94404644  007.26596372  49.94405599  007.26596015
111  49.94419471  007.26580801
112  49.94419471  007.26580801  49.94420006  007.26580445
111  49.94423939  007.26575857
112  49.94423939  007.26575857  49.94424742  007.26575382
111  49.94430827  007.26565158
112  49.94430827  007.26565158  49.94432471  007.26562070
111  49.94437412  007.26550923
113  49.94433053  007.26546331
110 2 0.25 0.0 New Taxiway 19
111  49.94635622  007.26661822
111  49.94648147  007.26673931
111  49.94647651  007.26675029
112  49.94647651  007.26675029  49.94656455  007.26688060
111  49.94650127  007.26703448
111  49.94650756  007.26704145
111  49.94641334  007.26727133
111  49.94624151  007.26768056
111  49.94618533  007.26762686
111  49.94612945  007.26776763
111  49.94603080  007.26799683
111  49.94582875  007.26847870
111  49.94576992  007.26862527
111  49.94575520  007.26861219
111  49.94567383  007.26881171
111  49.94635835  007.26959968
111  49.94731161  007.27064315
111  49.94858641  007.27194029
111  49.94872240  007.27161560
111  49.94898765  007.27188238
111  49.94921617  007.27211962
111  49.94931295  007.27221594
111  49.94929342  007.27229114
111  49.94927966  007.27233423
111  49.94945710  007.27251524
111  49.95011918  007.27318385
111  49.95034188  007.27340599
111  49.95039876  007.27328593
111  49.95051337  007.27339676
111  49.95059487  007.27319490
112  49.95059487  007.27319490  49.95053744  007.27312877
111  49.95056452  007.27300805
111  49.95099868  007.27194818
111  49.95106415  007.27179797
112  49.95106415  007.27179797  49.95111447  007.27168178
111  49.95119342  007.27176319
111  49.95154394  007.27210527
111  49.95185635  007.27241435
111  49.95196616  007.27214777
111  49.95215298  007.27233305
111  49.95214984  007.27234657
111  49.95223999  007.27251849
111  49.95205143  007.27297809
111  49.95192800  007.27327405
111  49.95181117  007.27315790
111  49.95156193  007.27291341
111  49.95130528  007.27353652
111  49.95105918  007.27413535
111  49.95120336  007.27429181
111  49.95109274  007.27454873
111  49.95193546  007.27534847
111  49.95204608  007.27510700
111  49.95260542  007.27566527
111  49.95296836  007.27601685
111  49.95306646  007.27611641
111  49.95301062  007.27626798
111  49.95303748  007.27632298
111  49.95291864  007.27660604
111  49.95360077  007.27736483
111  49.95386429  007.27676822
111  49.95417686  007.27600533
111  49.95436594  007.27553392
111  49.95449637  007.27521245
111  49.95436826  007.27508290
111  49.95407941  007.27479861
111  49.95435205  007.27412088
111  49.95391000  007.27368583
111  49.95338661  007.27316886
111  49.95299995  007.27278942
111  49.95251486  007.27231075
111  49.95219421  007.27199168
111  49.95207917  007.27187542
111  49.95152040  007.27132606
111  49.95105075  007.27086419
111  49.95058696  007.27040656
111  49.95011381  007.26994070
111  49.94976152  007.26959351
111  49.94910242  007.26894343
111  49.94827317  007.26811937
111  49.94791620  007.26776740
111  49.94749785  007.26735674
111  49.94701940  007.26688348
111  49.94653703  007.26641046
111  49.94609506  007.26597319
111  49.94598264  007.26624536
113  49.94599134  007.26625614
110 1 0.25 0.0 New Taxiway 17
111  49.94551777  007.26199209
111  49.94555854  007.26190742
112  49.94555854  007.26190742  49.94568218  007.26167359
111  49.94585849  007.26167436
112  49.94585849  007.26167436  49.94588341  007.26168330
111  49.94593910  007.26174630
111  49.94572187  007.26227839
111  49.94541575  007.26301843
111  49.94516182  007.26363810
111  49.94494932  007.26415582
112  49.94494932  007.26415582  49.94491673  007.26413124
111  49.94485899  007.26416295
111  49.94475524  007.26404887
111  49.94473579  007.26389914
111  49.94462390  007.26417213
112  49.94475216  007.26416454  49.94478810  007.26420401
111  49.94475216  007.26416454
111  49.94480866  007.26422850
112  49.94480866  007.26422850  49.94474924  007.26434616
111  49.94481982  007.26447368
111  49.94473264  007.26469130
111  49.94464224  007.26489562
111  49.94458849  007.26499119
111  49.94454774  007.26505205
111  49.94452215  007.26508199
111  49.94459970  007.26515783
112  49.94460937  007.26507280  49.94462998  007.26502142
111  49.94460937  007.26507280
111  49.94474113  007.26480415
111  49.94486618  007.26452210
112  49.94486618  007.26452210  49.94497928  007.26454816
111  49.94500383  007.26445346
111  49.94502027  007.26445186
111  49.94536066  007.26481183
111  49.94542111  007.26487863
111  49.94548252  007.26492755
111  49.94553080  007.26491318
111  49.94554313  007.26488445
111  49.94503157  007.26434651
112  49.94503157  007.26434651  49.94503923  007.26427353
111  49.94499397  007.26419125
111  49.94540343  007.26320518
111  49.94579788  007.26224102
111  49.94600299  007.26174617
111  49.94607113  007.26168871
111  49.94608962  007.26168232
111  49.94557908  007.26113002
111  49.94554724  007.26118589
111  49.94553286  007.26123058
112  49.94553601  007.26155463  49.94547898  007.26173037
111  49.94553601  007.26155463
113  49.94540445  007.26187822
110 2 0.25 0.0 New Taxiway 16
111  49.94551777  007.26199209
111  49.94540445  007.26187822
111  49.94535368  007.26200273
113  49.94546732  007.26211529
110 1 0.25 0.0 New Taxiway 15
111  49.94543898  007.26218553
111  49.94546732  007.26211529
111  49.94535368  007.26200273
113  49.94532232  007.26207543
110 1 0.25 0.0 New Taxiway 14
111  49.94279263  007.26455057
111  49.94280455  007.26454347
111  49.94281209  007.26455038
111  49.94281468  007.26454584
111  49.94289024  007.26462174
111  49.94291736  007.26455854
111  49.94269664  007.26433906
113  49.94266418  007.26441950
110 1 0.25 0.0 New Taxiway 13
111  49.94301016  007.26466236
111  49.94298485  007.26472042
111  49.94308338  007.26482108
111  49.94307698  007.26483724
111  49.94309634  007.26487458
113  49.94317951  007.26483420
110 2 0.25 0.0 New Taxiway 12
111  49.93842540  007.25794957
111  49.93830522  007.25785322
111  49.93804943  007.25847886
111  49.93790288  007.25862623
112  49.93777902  007.25867311  49.93770379  007.25869098
111  49.93777902  007.25867311
111  49.93780172  007.25888567
112  49.93780172  007.25888567  49.93799245  007.25879483
111  49.93812673  007.25890990
111  49.93859615  007.25939231
112  49.93859615  007.25939231  49.93865126  007.25946379
111  49.93861444  007.25956931
111  49.93846231  007.25992111
112  49.93846231  007.25992111  49.93842253  007.25990919
111  49.93838524  007.25997361
112  49.93838524  007.25997361  49.93831432  007.26013518
111  49.93841166  007.26023020
112  49.93841166  007.26023020  49.93850942  007.26031508
111  49.93856637  007.26018379
112  49.93856637  007.26018379  49.93860423  007.26010487
111  49.93857642  007.26003147
111  49.93873793  007.25965619
112  49.93873793  007.25965619  49.93878298  007.25960630
111  49.93882047  007.25962346
111  49.93958972  007.26040694
112  49.93958972  007.26040694  49.93962518  007.26043821
111  49.93961691  007.26051226
111  49.93973965  007.26063884
112  49.93973965  007.26063884  49.93977702  007.26060608
111  49.93980656  007.26062784
111  49.94050574  007.26134901
112  49.94050574  007.26134901  49.94053789  007.26141781
111  49.94051446  007.26145556
111  49.94043823  007.26162890
112  49.94043823  007.26162890  49.94041978  007.26165675
111  49.94037721  007.26164225
111  49.94035597  007.26169023
111  49.94029879  007.26163522
111  49.94011943  007.26206350
111  49.94064388  007.26259548
111  49.94073315  007.26234980
111  49.94091055  007.26253239
111  49.94121338  007.26284140
111  49.94098174  007.26341026
111  49.94150830  007.26393699
111  49.94149896  007.26395723
111  49.94155817  007.26401037
111  49.94179975  007.26344994
111  49.94231961  007.26396227
111  49.94214333  007.26439349
111  49.94252074  007.26475167
111  49.94266418  007.26441950
111  49.94269664  007.26433906
111  49.94291736  007.26455854
111  49.94289024  007.26462174
111  49.94281468  007.26454584
111  49.94281209  007.26455038
111  49.94280455  007.26454347
111  49.94279263  007.26455057
111  49.94279088  007.26457578
111  49.94277430  007.26462800
111  49.94282010  007.26467477
111  49.94269392  007.26496225
111  49.94284165  007.26514322
111  49.94296610  007.26485550
111  49.94307698  007.26483724
111  49.94308338  007.26482108
111  49.94298485  007.26472042
111  49.94301016  007.26466236
111  49.94317951  007.26483420
111  49.94309634  007.26487458
111  49.94322244  007.26499573
111  49.94352196  007.26530639
111  49.94377518  007.26555363
111  49.94380602  007.26555117
111  49.94382857  007.26550209
111  49.94385866  007.26553353
111  49.94390919  007.26542965
111  49.94389625  007.26535486
111  49.94403003  007.26504280
111  49.94408394  007.26501812
111  49.94431671  007.26525760
111  49.94447390  007.26542119
111  49.94503064  007.26598065
112  49.94503064  007.26598065  49.94506332  007.26603880
111  49.94504912  007.26609402
111  49.94496234  007.26629515
111  49.94499518  007.26632945
111  49.94507686  007.26614191
112  49.94507686  007.26614191  49.94510691  007.26608784
111  49.94515185  007.26610998
111  49.94540252  007.26636452
111  49.94564687  007.26661415
111  49.94588838  007.26686821
111  49.94600547  007.26660325
111  49.94540455  007.26598068
111  49.94503474  007.26560715
111  49.94459970  007.26515783
111  49.94452215  007.26508199
111  49.94450822  007.26505485
112  49.94450822  007.26505485  49.94438381  007.26488038
111  49.94444408  007.26461589
111  49.94462390  007.26417213
111  49.94473579  007.26389914
111  49.94507483  007.26307076
111  49.94543898  007.26218553
111  49.94532232  007.26207543
111  49.94494948  007.26298931
111  49.94462385  007.26377945
111  49.94451599  007.26403964
111  49.94432698  007.26449936
112  49.94432698  007.26449936  49.94414723  007.26469431
111  49.94403574  007.26457278
111  49.94403166  007.26457912
111  49.94383082  007.26437325
111  49.94342404  007.26395664
111  49.94295201  007.26348175
111  49.94244933  007.26296700
111  49.94243378  007.26293827
111  49.94234228  007.26284815
111  49.94232901  007.26283767
111  49.94198335  007.26248492
111  49.94144353  007.26193348
111  49.94072679  007.26119799
111  49.93983949  007.26029214
111  49.93879188  007.25921867
111  49.93847762  007.25889795
112  49.93847762  007.25889795  49.93827520  007.25862276
111  49.93833567  007.25823916
113  49.93834821  007.25815771
110 2 0.25 0.0 New Taxiway 11
111  49.93791487  007.25784205
111  49.93736022  007.25709063
112  49.93736022  007.25709063  49.93719605  007.25687698
111  49.93730948  007.25662613
111  49.93760151  007.25589866
111  49.93669029  007.25500137
111  49.93668403  007.25500549
111  49.93550647  007.25383756
111  49.93419790  007.25254837
111  49.93331634  007.25168096
111  49.93305068  007.25141954
111  49.93259619  007.25077274
112  49.93259619  007.25077274  49.93242640  007.25057850
111  49.93248772  007.25030675
111  49.93265866  007.24966289
111  49.93297530  007.24913121
112  49.93297530  007.24913121  49.93307332  007.24900532
111  49.93317247  007.24904015
111  49.93331101  007.24903187
111  49.93259163  007.24832822
111  49.93261561  007.24848551
112  49.93261561  007.24848551  49.93268121  007.24869053
111  49.93262893  007.24883734
111  49.93246332  007.24947314
111  49.93222093  007.24988879
111  49.93096944  007.24864933
111  49.93110490  007.24813424
111  49.93140521  007.24762981
112  49.93140521  007.24762981  49.93147235  007.24750393
111  49.93157917  007.24749628
111  49.93163153  007.24751284
111  49.93176834  007.24750042
111  49.93127010  007.24706582
111  49.93121912  007.24718052
111  49.93086245  007.24805092
111  49.93069262  007.24846896
112  49.93069262  007.24846896  49.93042965  007.24914717
111  49.93078640  007.24959985
111  49.93084646  007.24967181
111  49.93145383  007.25027159
111  49.93222912  007.25103748
111  49.93244426  007.25124856
111  49.93380659  007.25258813
111  49.93460058  007.25337385
111  49.93487298  007.25364408
111  49.93499989  007.25377054
111  49.93619185  007.25494287
111  49.93602167  007.25536905
111  49.93680582  007.25615807
111  49.93650914  007.25687816
111  49.93726166  007.25762077
113  49.93774537  007.25826659
110 2 0.25 0.0 New Taxiway 10
112  49.93797390  007.25523431  49.93773535  007.25529872
111  49.93797390  007.25523431
111  49.93798500  007.25533687
111  49.93803124  007.25532250
111  49.93803653  007.25537483
111  49.93808118  007.25536482
111  49.93808928  007.25541259
112  49.93808928  007.25541259  49.93835781  007.25535808
111  49.93851410  007.25534838
111  49.93851194  007.25529915
111  49.93847074  007.25530321
111  49.93846765  007.25524769
111  49.93842445  007.25525384
111  49.93842121  007.25520293
111  49.93837584  007.25520853
113  49.93837260  007.25515762
110 1 0.25 0.0 New Taxiway 9
111  49.93846334  007.25514676
111  49.93837260  007.25515762
111  49.93837584  007.25520853
111  49.93842121  007.25520293
111  49.93842445  007.25525384
111  49.93846765  007.25524769
111  49.93847074  007.25530321
111  49.93851194  007.25529915
111  49.93851410  007.25534838
111  49.93861479  007.25534462
111  49.93861247  007.25529544
111  49.93856559  007.25529667
111  49.93856251  007.25524749
111  49.93853048  007.25524719
111  49.93852797  007.25519502
113  49.93846565  007.25519953
110 2 0.25 0.0 New Taxiway 8
111  49.93871714  007.25513995
112  49.93846334  007.25514676  49.93827406  007.25515842
111  49.93846334  007.25514676
111  49.93846565  007.25519953
111  49.93852797  007.25519502
111  49.93853048  007.25524719
111  49.93856251  007.25524749
111  49.93856559  007.25529667
111  49.93861247  007.25529544
111  49.93861479  007.25534462
112  49.93861479  007.25534462  49.93864350  007.25534506
113  49.93871714  007.25534425
110 2 0.25 0.0 New Taxiway 7
111  49.93841283  007.25673097
111  49.93853532  007.25711426
111  49.93856794  007.25721554
111  49.93916501  007.25575763
111  49.93911761  007.25571302
111  49.93912906  007.25568740
111  49.93911776  007.25567463
113  49.93884632  007.25566897
110 1 0.25 0.0 New Taxiway 6
111  49.93925130  007.25491650
111  49.93921762  007.25499864
111  49.93930667  007.25508611
111  49.93928211  007.25515650
112  49.93928211  007.25515650  49.93927082  007.25518842
111  49.93924320  007.25518733
112  49.93924320  007.25518733  49.93898992  007.25514263
111  49.93871714  007.25513995
111  49.93871714  007.25534425
111  49.93903352  007.25536979
112  49.93903352  007.25536979  49.93910799  007.25537835
111  49.93913793  007.25549587
112  49.93913793  007.25549587  49.93916155  007.25562994
111  49.93911776  007.25567463
111  49.93912906  007.25568740
111  49.93911761  007.25571302
111  49.93916501  007.25575763
111  49.93856794  007.25721554
111  49.93853532  007.25711426
111  49.93811826  007.25811337
111  49.93791487  007.25784205
111  49.93774537  007.25826659
111  49.93793849  007.25853632
111  49.93790288  007.25862623
112  49.93790288  007.25862623  49.93799339  007.25858699
111  49.93804943  007.25847886
111  49.93830522  007.25785322
111  49.93842540  007.25794957
111  49.93914740  007.25618696
111  49.93922767  007.25615982
111  49.93943620  007.25566983
111  49.93991640  007.25614194
111  49.94024396  007.25602318
113  49.94027490  007.25594967
110 1 0.00 0.0 New Taxiway 7
111  49.95435205  007.27412088
111  49.95407941  007.27479861
111  49.95436826  007.27508290
111  49.95440723  007.27498412
112  49.95440723  007.27498412  49.95453181  007.27470000
111  49.95470206  007.27485283
111  49.95504087  007.27517927
111  49.95525617  007.27539426
111  49.95536661  007.27551758
112  49.95536661  007.27551758  49.95544935  007.27561562
111  49.95541621  007.27573049
111  49.95539345  007.27580432
111  49.95543393  007.27577334
111  49.95551707  007.27593764
111  49.95534121  007.27611437
112  49.95534121  007.27611437  49.95527739  007.27616684
111  49.95521699  007.27636167
111  49.95554927  007.27602865
111  49.95561063  007.27597081
111  49.95585341  007.27571721
111  49.95592509  007.27566486
112  49.95592509  007.27566486  49.95608093  007.27564042
111  49.95614147  007.27578174
111  49.95618369  007.27588428
111  49.95641720  007.27685717
111  49.95657303  007.27753681
111  49.95655443  007.27755351
111  49.95670483  007.27818594
111  49.95672159  007.27817795
111  49.95676331  007.27815610
111  49.95649990  007.27704696
111  49.95613911  007.27550608
112  49.95605929  007.27542916  49.95601073  007.27542198
111  49.95605929  007.27542916
111  49.95600058  007.27544405
111  49.95678246  007.27463763
111  49.95720392  007.27420588
112  49.95736896  007.27397302  49.95744269  007.27381906
111  49.95736896  007.27397302
111  49.95741292  007.27387062
111  49.95752616  007.27359316
111  49.95741207  007.27348710
111  49.95725236  007.27387256
112  49.95725236  007.27387256  49.95723076  007.27392118
111  49.95719959  007.27394986
111  49.95714499  007.27401618
111  49.95671803  007.27445291
111  49.95648852  007.27468804
111  49.95626945  007.27488382
112  49.95626945  007.27488382  49.95625157  007.27490581
111  49.95612564  007.27499634
111  49.95581163  007.27520345
112  49.95581163  007.27520345  49.95563960  007.27528448
111  49.95539736  007.27506811
111  49.95497674  007.27471769
113  49.95459758  007.27436166
110 1 0.00 0.0 New Taxiway 25
111  49.94462385  007.26377945
111  49.94451915  007.26380190
111  49.94414268  007.26339957
111  49.94339875  007.26260577
111  49.94285877  007.26203241
111  49.94193440  007.26104506
111  49.94179435  007.26090161
111  49.94104723  007.26025172
111  49.94027137  007.25956959
111  49.93971802  007.25908497
111  49.93924161  007.25868346
111  49.93852110  007.25805921
112  49.93852110  007.25805921  49.93845172  007.25796372
111  49.93847088  007.25784011
111  49.93842540  007.25794957
111  49.93834821  007.25815771
111  49.93839941  007.25813724
112  49.93839941  007.25813724  49.93845690  007.25809565
111  49.93852789  007.25816563
111  49.93943285  007.25895658
111  49.94046242  007.25985097
111  49.94135970  007.26062525
111  49.94172186  007.26094640
112  49.94172186  007.26094640  49.94179423  007.26100493
111  49.94198843  007.26121953
111  49.94252549  007.26178981
111  49.94279201  007.26207503
111  49.94317061  007.26246523
111  49.94355308  007.26290045
112  49.94355308  007.26290045  49.94396048  007.26331479
111  49.94422733  007.26361166
111  49.94449136  007.26389145
113  49.94451599  007.26403964
110 1 0.25 0.0 New Taxiway 1
111  49.94526134  007.26583453
111  49.94600547  007.26660325
111  49.94635622  007.26661822
111  49.94599134  007.26625614
111  49.94598640  007.26626230
113  49.94571222  007.26624323
120 Linear Feature 7
112  49.95668637  007.27699299  49.95666035  007.27689619 102
111  49.95673377  007.27680471 102
111  49.95758964  007.27594515
112  49.95758964  007.27594515  49.95786878  007.27565454 102
111  49.95771868  007.27507741 102
111  49.95744217  007.27436929
112  49.95744217  007.27436929  49.95739681  007.27423276 102
111  49.95744217  007.27407868 102
111  49.95760807  007.27365300
112  49.95760807  007.27365300  49.95767128  007.27350973 102
115  49.95778715  007.27341150
120 Linear Feature 6
111  49.95714985  007.27456988 102
111  49.95710772  007.27491370 102
111  49.95645990  007.27556450 102
111  49.95643356  007.27573232 102
111  49.95649676  007.27599019
112  49.95649676  007.27599019  49.95661411  007.27630032 102
111  49.95684174  007.27613344 102
111  49.95737370  007.27557269
112  49.95737370  007.27557269  49.95752117  007.27537622 102
111  49.95742900  007.27506515 102
111  49.95731576  007.27477044
114  49.95731576  007.27477044  49.95723493  007.27456925 102
120 Linear Feature 5
111  49.95564090  007.27597791 102
111  49.95587527  007.27572823
112  49.95587527  007.27572823  49.95606364  007.27562772 102
111  49.95616495  007.27589195 102
115  49.95653626  007.27749233
120 Linear Feature 4
111  49.95439265  007.27508974 102
111  49.95446902  007.27490965
112  49.95446902  007.27490965  49.95456119  007.27479096 102
111  49.95467179  007.27486463 102
111  49.95534291  007.27551758
112  49.95534291  007.27551758  49.95545198  007.27564018 102
115  49.95536965  007.27579782
120 Linear Feature 3
111  49.95102185  007.27193837 102
111  49.95106925  007.27182787 102
111  49.95180465  007.27258830 102
111  49.95197516  007.27218393 102
111  49.95214369  007.27235173 102
111  49.95222270  007.27252362 102
115  49.95205416  007.27294107
120 Linear Feature 2
112  49.95181978  007.26754702  49.95180390  007.26748112 102
111  49.95152220  007.26744061 102
111  49.95029766  007.26753065 102
111  49.94977097  007.26765343 102
111  49.94966300  007.26773119 102
111  49.94943126  007.26816500 102
111  49.94932065  007.26854560
112  49.94932065  007.26854560  49.94929400  007.26897810 102
111  49.94947076  007.26918813 102
111  49.94977755  007.26956261 102
111  49.95153801  007.27131220 102
111  49.95307593  007.27282246 102
111  49.95461386  007.27433273 102
111  49.95501019  007.27469496 102
111  49.95540652  007.27503263
112  49.95540652  007.27503263  49.95563821  007.27520981 102
111  49.95580417  007.27516770 102
111  49.95639143  007.27474204 102
111  49.95713669  007.27398892
112  49.95713669  007.27398892  49.95719959  007.27394986 102
111  49.95728943  007.27373924 102
111  49.95737370  007.27351412
112  49.95737370  007.27351412  49.95739476  007.27343226 102
111  49.95733946  007.27336268 102
111  49.95688124  007.27292881 102
115  49.95682068  007.27247856
120 Linear Feature 1
112  49.94587612  007.26169937  49.94566281  007.26169937 102
111  49.94555221  007.26196126 102
111  49.94475164  007.26390093
111  49.94464101  007.26417914 102
111  49.94446460  007.26463342
112  49.94446460  007.26463342  49.94441983  007.26491577 102
111  49.94452780  007.26504263
111  49.94460902  007.26512217 102
111  49.94571021  007.26620070 102
111  49.94595776  007.26622116 102
111  49.94608679  007.26592244 102
111  49.94820408  007.26800954 102
111  49.94875183  007.26843924
112  49.94875183  007.26843924  49.94890652  007.26847359 102
111  49.94900201  007.26827555 102
111  49.94940229  007.26744479
112  49.94940229  007.26744479  49.94956293  007.26714603 102
111  49.94980257  007.26715423 102
111  49.95012122  007.26714195 102
111  49.95072427  007.26701509
112  49.95072427  007.26701509  49.95092178  007.26689231 102
115  49.95085858  007.26659765
120 Linear Feature 14
111  49.94392319  007.26534985 102
111  49.94403803  007.26507900 102
111  49.94408314  007.26505670 102
111  49.94430877  007.26528805
111  49.94446079  007.26544393 102
111  49.94503634  007.26603408
111  49.94511733  007.26611713 102
111  49.94565219  007.26666555 102
111  49.94589179  007.26691123 102
111  49.94602098  007.26663082 102
111  49.94635728  007.26664675 102
111  49.94647036  007.26677260
112  49.94647036  007.26677260  49.94651890  007.26692260 102
111  49.94648647  007.26701639 102
115  49.94641470  007.26721077
120 Linear Feature 13
111  49.93811787  007.25893914 102
111  49.93861279  007.25944383
111  49.93880344  007.25963824 102
111  49.93960585  007.26045647
111  49.93978310  007.26063721 102
111  49.94049249  007.26136059 102
111  49.94050275  007.26143706 102
115  49.94044738  007.26157406
120 Linear Feature 12
111  49.94461015  007.26375990 102
111  49.94551858  007.26154847
112  49.94551858  007.26154847  49.94555754  007.26140827 102
115  49.94551858  007.26128081
120 Linear Feature 11
111  49.94244469  007.26291554 102
111  49.94404828  007.26454058
112  49.94404828  007.26454058  49.94419924  007.26463934 102
111  49.94434152  007.26441950 102
115  49.94449737  007.26403713
120 Linear Feature 10
112  49.93837009  007.25817456  49.93827716  007.25858889 102
111  49.93849928  007.25885637 102
115  49.94235241  007.26282632
120 Linear Feature 9
111  49.94024521  007.25610729 102
111  49.93992660  007.25620998 102
111  49.93944191  007.25573338 102
111  49.93925888  007.25617576 102
111  49.93915889  007.25623632 102
115  49.93848947  007.25784782
120 Linear Feature 8
111  49.93307947  007.24908447 102
111  49.93298022  007.24918258 102
111  49.93267796  007.24969421 102
111  49.93251780  007.25030044
112  49.93251780  007.25030044  49.93246018  007.25053740 102
111  49.93258096  007.25068942 102
111  49.93306594  007.25139027 102
111  49.93763596  007.25589349 102
111  49.93731791  007.25666800
112  49.93731791  007.25666800  49.93725024  007.25687828 102
111  49.93735626  007.25703949 102
111  49.93791792  007.25779999 102
111  49.93811417  007.25806283 102
111  49.93851342  007.25710608 102
111  49.93838936  007.25672758 102
111  49.93882922  007.25564464 102
111  49.93909765  007.25562712
112  49.93909765  007.25562712  49.93913825  007.25556053 102
115  49.93909990  007.25546590
120 Linear Feature 7
111  49.93154334  007.24752512 102
111  49.93145988  007.24758118 102
111  49.93112830  007.24814886 102
111  49.93099972  007.24864294 102
111  49.93221103  007.24984137 102
111  49.93243885  007.24946292 102
111  49.93260352  007.24882866 102
115  49.93262833  007.24860790
120 Linear Feature 5
112  49.95730713  007.27468041  49.95717664  007.27442853 1
111  49.95701038  007.27452503 1
111  49.95654632  007.27501080
112  49.95654632  007.27501080  49.95629903  007.27537063 1
115  49.95641057  007.27572882
120 Linear Feature 4
111  49.95708060  007.27254559 1
111  49.95734139  007.27280356
112  49.95734139  007.27280356  49.95752837  007.27300497 1
115  49.95742150  007.27343575
120 Linear Feature 3
112  49.95209934  007.26761479  49.95180259  007.26740218 1
111  49.95151771  007.26740070 1
111  49.95029322  007.26748545 1
111  49.94976707  007.26761479
112  49.94976707  007.26761479  49.94969131  007.26763442 1
111  49.94963218  007.26771291 1
111  49.94940833  007.26814703 1
111  49.94929545  007.26854397
112  49.94929545  007.26854397  49.94924389  007.26899369 1
111  49.94945043  007.26921149 1
115  49.94966817  007.26948559
120 Linear Feature 2
111  49.94828142  007.26812175 1
111  49.94870904  007.26845178
112  49.94870904  007.26845178  49.94891122  007.26857329 1
111  49.94900942  007.26831947 1
111  49.94943225  007.26746761
112  49.94943225  007.26746761  49.94956809  007.26721785 1
111  49.94979960  007.26720893 1
111  49.95012769  007.26718329 1
111  49.95072849  007.26704985
112  49.95072849  007.26704985  49.95103365  007.26694430 1
115  49.95088346  007.26643584
120 Linear Feature 1
112  49.94601420  007.26165962  49.94572530  007.26150650 1
111  49.94553780  007.26192571 1
111  49.94444054  007.26460448
112  49.94444054  007.26460448  49.94437358  007.26496422 1
111  49.94452664  007.26509949 1
115  49.94456777  007.26513963
120 Linear Feature 6
112  49.95683064  007.27640120  49.95657996  007.27662456 1
115  49.95643733  007.27635416
120 Linear Feature 5
112  49.95733360  007.27449272  49.95717703  007.27425952 1
115  49.95704107  007.27434188
120 Linear Feature 4
112  49.95658660  007.27699960  49.95656106  007.27665216 1
111  49.95683064  007.27640120 1
111  49.95747251  007.27577828
112  49.95747251  007.27577828  49.95772958  007.27543083 1
111  49.95753638  007.27495929 1
111  49.95733360  007.27449272
112  49.95733360  007.27449272  49.95721761  007.27420560 1
115  49.95731417  007.27401428
120 Linear Feature 3
112  49.95793153  007.27951618  49.95810602  007.27975196 1
111  49.95793266  007.27986333 1
115  49.95776016  007.28025783
120 Linear Feature 2
112  49.95624362  007.27551651  49.95617872  007.27524614 1
115  49.95627176  007.27507889
120 Linear Feature 1
112  49.95600110  007.27533311  49.95615984  007.27529949 1
111  49.95624362  007.27551651 1
111  49.95643733  007.27635416 1
111  49.95658660  007.27699960 1
111  49.95688820  007.27830372
112  49.95688820  007.27830372  49.95694481  007.27851129 1
111  49.95713585  007.27871321 1
111  49.95793153  007.27951618 1
111  49.95884434  007.28043736
112  49.95884434  007.28043736  49.95878160  007.28059409 1
111  49.95866433  007.28053894 1
115  49.95849872  007.28095976
120 Linear Feature 34
112  49.95970123  007.27471547  49.96006028  007.27469232 1
112  49.96012546  007.27527733  49.96010229  007.27560139 1
112  49.95979122  007.27562454  49.95970518  007.27557825
111  49.95979122  007.27562454 1
111  49.95974324  007.27558082
112  49.95974324  007.27558082  49.95949835  007.27534163 1
111  49.95944706  007.27452375 1
115  49.95941562  007.27449289
120 Linear Feature 33
112  49.95754233  007.27316545  49.95773265  007.27288661 1
111  49.95794947  007.27303683 1
115  49.95806570  007.27315641
120 Linear Feature 32
112  49.95540954  007.27531114  49.95568437  007.27556574 1
111  49.95585164  007.27547350 1
111  49.95600110  007.27533311 1 101
111  49.95627176  007.27507889 1
111  49.95680753  007.27457564 1 101
111  49.95704107  007.27434188 1 101
111  49.95722817  007.27415461
112  49.95722817  007.27415461  49.95730825  007.27405843 1 101
111  49.95737505  007.27387228 1 101
111  49.95748000  007.27359666
112  49.95748000  007.27359666  49.95770569  007.27287809 1 101
111  49.95725019  007.27238489 1
115  49.95718412  007.27231926
120 Linear Feature 31
111  49.95447908  007.27442014 51
111  49.95442056  007.27456829
111  49.95439836  007.27462451 51
115  49.95382694  007.27607138
120 Linear Feature 30
111  49.95387895  007.27382636 51
111  49.95382498  007.27395489
111  49.95380005  007.27401427 51
115  49.95318970  007.27546779
120 Linear Feature 29
111  49.95321882  007.27317319 51
111  49.95315935  007.27331676
111  49.95313554  007.27337263 51
115  49.95252470  007.27484903
120 Linear Feature 28
111  49.95260981  007.27257060 51
111  49.95254992  007.27271863
111  49.95252643  007.27277669 51
115  49.95207604  007.27389001
120 Linear Feature 27
111  49.95106576  007.27105866 51
111  49.95101402  007.27118659
111  49.95099131  007.27124275 51
115  49.95042718  007.27263768
120 Linear Feature 26
111  49.95045215  007.27046086 51
111  49.95040118  007.27058404
111  49.95037645  007.27064381 51
115  49.94977927  007.27208718
120 Linear Feature 21
112  49.95091089  007.26723338  49.95140363  007.26671350 1 101
111  49.95099099  007.26620246 1 101
115  49.95090525  007.26611772
120 Linear Feature 20
112  49.94861839  007.26865541  49.94895453  007.26881296 51 101
111  49.94912897  007.26841392 51 101
111  49.94948528  007.26767463
112  49.94948528  007.26767463  49.94954517  007.26756310 51 101
112  49.94966153  007.26746325  49.94971223  007.26742727 1 101
111  49.94974795  007.26741917 1 101
111  49.95044309  007.26729301 1 101
111  49.95091089  007.26723338 1 101
111  49.95138058  007.26720710
112  49.95138058  007.26720710  49.95188348  007.26720183 1 101
111  49.95221842  007.26740582 1 101
115  49.95226618  007.26745549
120 Linear Feature 19
112  49.94858114  007.26861847  49.94833148  007.26860091 51
115  49.94842790  007.26905001
120 Linear Feature 18
112  49.94861839  007.26865541  49.94869750  007.26902582 51
115  49.94842790  007.26905001
120 Linear Feature 14
112  49.94791948  007.27030996  49.94777207  007.27034269 51
111  49.94774203  007.27001653 51
115  49.94743668  007.26973602
120 Linear Feature 13
112  49.94791948  007.27030996  49.94796461  007.27051800 51
111  49.94814516  007.27040457 51
115  49.94845051  007.27070378
120 Linear Feature 11
111  49.94651570  007.26700198 1
111  49.94701540  007.26749823 1
115  49.94635851  007.26907440
120 Linear Feature 8
111  49.94654333  007.26754189 51
111  49.94684620  007.26782991
112  49.94684620  007.26782991  49.94686089  007.26811441 51
115  49.94701631  007.26805975
120 Linear Feature 7
111  49.94750281  007.26849376 51
111  49.94720106  007.26820222
112  49.94720106  007.26820222  49.94703493  007.26829355 51
115  49.94701631  007.26805975
120 Linear Feature 6
111  49.94636025  007.26799850 51
111  49.94666425  007.26828301
112  49.94666425  007.26828301  49.94667329  007.26859737 51
115  49.94682515  007.26853738
120 Linear Feature 5
111  49.94732764  007.26894861 51
111  49.94702815  007.26865357
112  49.94702815  007.26865357  49.94685863  007.26876772 51
115  49.94682515  007.26853738
120 Linear Feature 4
111  49.94615004  007.26846741 51
111  49.94645631  007.26875543
112  49.94645631  007.26875543  49.94645611  007.26909776 51
115  49.94662303  007.26904240
120 Linear Feature 3
111  49.94713552  007.26943333 51
111  49.94683603  007.26913828
112  49.94683603  007.26913828  49.94665218  007.26925300 51
115  49.94662303  007.26904240
120 Linear Feature 2
111  49.94713023  007.26777512 51
111  49.94701631  007.26805975 51
111  49.94682515  007.26853738 51
115  49.94662303  007.26904240
120 Linear Feature 26
111  49.94612417  007.26139494 1
111  49.94608820  007.26136514
112  49.94608820  007.26136514  49.94580254  007.26125888 1
115  49.94564404  007.26149535
120 Linear Feature 25
112  49.94559098  007.26086776  49.94575832  007.26114983 1
111  49.94564404  007.26149535 1
115  49.94507933  007.26286430
120 Linear Feature 24
111  49.94616463  007.26736447 20
111  49.94614963  007.26740273 20
115  49.94578277  007.26704218
120 Linear Feature 19
112  49.94438345  007.26457266  49.94427335  007.26489429 51
115  49.94439002  007.26513311
120 Linear Feature 18
111  49.94507933  007.26286430 51
111  49.94438345  007.26457266
112  49.94438345  007.26457266  49.94423869  007.26484932 51
115  49.94405249  007.26478951
120 Linear Feature 14
112  49.93793605  007.25858273  49.93795793  007.25880932 1
115  49.93810019  007.25888816
120 Linear Feature 15
112  49.94204125  007.26272993  49.94210967  007.26281533 1
111  49.94214504  007.26291749 1
111  49.94225689  007.26323277 1
111  49.94253067  007.26400449
112  49.94253067  007.26400449  49.94254011  007.26403111 1
111  49.94255822  007.26404902 1
111  49.94320332  007.26468217
112  49.94320332  007.26468217  49.94321450  007.26469643 1
111  49.94324202  007.26470068 1
111  49.94381344  007.26479544 1
111  49.94405499  007.26483550
112  49.94405499  007.26483550  49.94409868  007.26484447 1
115  49.94412518  007.26486395
120 Linear Feature 16
112  49.94385387  007.26458611  49.94388856  007.26472712 1
115  49.94381344  007.26479544
120 Linear Feature 17
112  49.94232345  007.26301892  49.94219400  007.26299196 20
115  49.94225689  007.26323277
120 Linear Feature 10
112  49.94728175  007.26733001  49.94705234  007.26736337 51
115  49.94713023  007.26777512
120 Linear Feature 9
112  49.94713023  007.26777512  49.94738338  007.26772595 51
115  49.94731672  007.26736468
120 Linear Feature 17
112  49.94811828  007.26981731  49.94815438  007.27000899 51
111  49.94831213  007.26990433 51
115  49.94861748  007.27019653
120 Linear Feature 16
112  49.94811828  007.26981731  49.94796635  007.26986873 51
111  49.94791050  007.26953967 51
115  49.94760966  007.26924747
120 Linear Feature 15
112  49.94831988  007.26931769  49.94817999  007.26937146 51
111  49.94811808  007.26906982 51
115  49.94781423  007.26879165
120 Linear Feature 12
111  49.94842790  007.26905001 51
111  49.94831988  007.26931769 51
111  49.94811828  007.26981731 51
115  49.94791948  007.27030996
120 Linear Feature 22
112  49.94912897  007.26841392  49.94893131  007.26895486 51
115  49.94925333  007.26928501
120 Linear Feature 25
111  49.94980795  007.26983326 51
111  49.94976039  007.26995084
111  49.94973745  007.27000757 51
111  49.94921047  007.27131033 51
115  49.94909893  007.27120163
120 Linear Feature 24
111  49.94966508  007.26969331 51
111  49.94961618  007.26981199
111  49.94959333  007.26986744 51
115  49.94903916  007.27121230
120 Linear Feature 23
111  49.94950200  007.26953159 51
111  49.94945519  007.26964851
111  49.94943142  007.26970789 51
111  49.94890810  007.27101502 51
115  49.94902295  007.27112669
120 Linear Feature 13
111  49.93852382  007.25743397 51
111  49.93822324  007.25816541
112  49.93822324  007.25816541  49.93805096  007.25868190 51
111  49.93839397  007.25899445 51
111  49.94065425  007.26130961 51
111  49.94204125  007.26272993 51
111  49.94232345  007.26301892 51
111  49.94385387  007.26458611 51
111  49.94405249  007.26478951 51
111  49.94412518  007.26486395 51
111  49.94439002  007.26513311 51
111  49.94560822  007.26637115
112  49.94560822  007.26637115  49.94569337  007.26645555 51
111  49.94583870  007.26643411 51
111  49.94613861  007.26640993
112  49.94613861  007.26640993  49.94632651  007.26639396 51
111  49.94643118  007.26648658 51
111  49.94728175  007.26733001 51
111  49.94731672  007.26736468 51
111  49.94858114  007.26861847 51
111  49.94861839  007.26865541 51
111  49.94925333  007.26928501 51
111  49.94950200  007.26953159 51
111  49.94966508  007.26969331 51
111  49.94970925  007.26973710 51
111  49.94980795  007.26983326 51
111  49.95045215  007.27046086 51
111  49.95106576  007.27105866 51
111  49.95210425  007.27207039 51
111  49.95260981  007.27257060 51
111  49.95321882  007.27317319 51
111  49.95387895  007.27382636 51
111  49.95430749  007.27425037 1
111  49.95447908  007.27442014 1
115  49.95540954  007.27531114
120 Linear Feature 12
112  49.93989399  007.25559205  49.93954164  007.25535650 1
111  49.93930951  007.25577520 1
111  49.93833898  007.25814632
112  49.93833898  007.25814632  49.93822222  007.25863323 1
111  49.93848450  007.25891596 1
111  49.94402888  007.26458640
112  49.94402888  007.26458640  49.94423179  007.26474686 1
111  49.94436462  007.26444595 1
111  49.94495440  007.26299138 1
111  49.94535168  007.26201630 1
111  49.94554864  007.26155376
112  49.94554864  007.26155376  49.94561599  007.26135412 1
115  49.94554756  007.26120904
120 Linear Feature 11
111  49.94039817  007.25575138 1
111  49.94017208  007.25552860 1 101
111  49.93998638  007.25534686
112  49.93998638  007.25534686  49.93951436  007.25499419 1 101
111  49.93923558  007.25570173 1 101
115  49.93852382  007.25743397
120 Linear Feature 10
112  49.93928959  007.25500689  49.93934232  007.25509201 1
111  49.93930959  007.25519900 1
111  49.93912902  007.25566192 1
115  49.93854033  007.25711420
120 Linear Feature 9
111  49.93353334  007.24896780 1
115  49.93375050  007.24917889
120 Linear Feature 8
112  49.93273154  007.24912488  49.93294981  007.24871789 1 101
115  49.93332126  007.24880618
120 Linear Feature 7
111  49.93692749  007.25525372 20
111  49.93724561  007.25556983
112  49.93724561  007.25556983  49.93740385  007.25580315 20
111  49.93735380  007.25614937 20
111  49.93724883  007.25677658
112  49.93724883  007.25677658  49.93723592  007.25692711 20
111  49.93730374  007.25704000 20
115  49.93738770  007.25715290
120 Linear Feature 6
112  49.93619774  007.25493772  49.93629785  007.25503055 20
111  49.93638331  007.25516592 20
111  49.93685483  007.25594616
112  49.93685483  007.25594616  49.93691780  007.25606658 20
111  49.93688712  007.25626728 20
111  49.93684514  007.25694968
112  49.93684514  007.25694968  49.93683706  007.25719303 20
111  49.93701631  007.25735360 20
115  49.93714387  007.25748657
120 Linear Feature 5
112  49.93714249  007.25568865  49.93730931  007.25597478 1 101
111  49.93715111  007.25633760 1 101
111  49.93701141  007.25669489
112  49.93701141  007.25669489  49.93691743  007.25695550 1 101
111  49.93712962  007.25722250 1 101
111  49.93725961  007.25737769 1
111  49.93783170  007.25806067
112  49.93783170  007.25806067  49.93806342  007.25833179 1
115  49.93820582  007.25866998
120 Linear Feature 4
111  49.93241530  007.25099319 1 101
115  49.93714249  007.25568865
120 Linear Feature 3
112  49.93224835  007.25032232  49.93215830  007.25062226 1 101
115  49.93241530  007.25099319
120 Linear Feature 2
112  49.93274522  007.24822944  49.93289176  007.24869082 1 101
111  49.93273154  007.24912488 1 101
111  49.93224835  007.25032232
112  49.93224835  007.25032232  49.93208737  007.25056852 1 101
115  49.93183838  007.25039894
120 Linear Feature 1
112  49.93096944  007.24864933  49.93082346  007.24898182 1
111  49.93097667  007.24921006 1
111  49.93190456  007.25012163
112  49.93190456  007.25012163  49.93211723  007.25022148 1
115  49.93222093  007.24988879
120 Linear Feature 2
111  49.93095813  007.24953103 1 101
111  49.93183838  007.25039894 1 101
115  49.93241530  007.25099319
120 Linear Feature 1
111  49.93179771  007.24723642 1 101
111  49.93172193  007.24716255
112  49.93172193  007.24716255  49.93142176  007.24697556 1 101
111  49.93123452  007.24752036 1 101
111  49.93082884  007.24850146
112  49.93082884  007.24850146  49.93056285  007.24923323 1 101
115  49.93095813  007.24953103
120 Linear Feature 1
111  49.93202893  007.24746361 1
111  49.93218513  007.24761959
111  49.93241438  007.24784472 1
115  49.93255945  007.24798662
120 Linear Feature 6
111  49.93120385  007.24716634 102
111  49.93068167  007.24846140
112  49.93068167  007.24846140  49.93040263  007.24917981 102
111  49.93078793  007.24963492 102
111  49.93224493  007.25107322
111  49.93240398  007.25123023 102
111  49.93617362  007.25495153 102
111  49.93599839  007.25538017 102
111  49.93678695  007.25616507 102
111  49.93648681  007.25688414 102
111  49.93725673  007.25764219 102
115  49.93793343  007.25854296
120 Hold
111  49.93305280  007.25143880 105
115  49.93295154  007.25173338
120 ILS Hold
111  49.93736104  007.25710103 6 103
115  49.93720031  007.25754944
120 ILS Hold
111  49.93844179  007.25734040 6
115  49.93860497  007.25750943
120 ILS Hold
111  49.94502523  007.26280604 6
115  49.94513719  007.26292323
120 ILS Hold
111  49.94957608  007.26728847 6
115  49.94972534  007.26765087
120 ILS Hold
111  49.95580263  007.27520668 6
115  49.95589619  007.27568059
120 ILS Hold
111  49.95667152  007.27701122 6
115  49.95648000  007.27712202
120 HoldShort
111  49.95724422  007.27389181 4 105
115  49.95741589  007.27406539
120 HoldShort
111  49.95043276  007.26710748 4 105
115  49.95046545  007.26748704
120 HoldShort
111  49.94532338  007.26208050 4 105
115  49.94543750  007.26218706
120 HoldShort
111  49.93898569  007.25619917 4 105
115  49.93909635  007.25631092
120 HoldShort
111  49.93239415  007.24961331 4 105
115  49.93260791  007.24982819
120 HoldShort
111  49.93087051  007.24804484 4 105
115  49.93106544  007.24824051
21  49.94209399  007.25644199 2 32.7 3.00 PAPI 03
21  49.95561034  007.27164428 2 211.7 3.00 PAPI 21
14  49.94553415  007.26756971 98 0 Frankfurt Hahn
15  49.94735404  007.26835052 35.5 A6
15  49.94717635  007.26880238 33.5 A5
15  49.94759312  007.26987682 211.0 B1
15  49.94776220  007.26939482 212.8 B2
15  49.94829636  007.27055630 32.5 B4
15  49.94931838  007.27104500 121.0 D3/4
15  49.94914822  007.27092283 123.9 D2
15  49.95404829  007.27577005 34.7 G5
15  49.94179203  007.26321314 -56.9 GA1
15  49.94159884  007.26302517 -57.4 GA2
15  49.94138267  007.26281363 -57.5 GA3
15  49.94080194  007.26213051 -56.4 GA4
15  49.94066619  007.26200086 -57.9 GA5
1300  49.94051156  007.26183988 303.3 gate heavy|jets|turboprops|props|helos|fighters GA6
1301 E none 
15  49.95369557  007.27570064 -233.8 G4
15  49.95328778  007.27523513 122.1 G3
15  49.95262115  007.27461584 119.9 G2
15  49.95216884  007.27365176 123.2 G1
15  49.95052240  007.27240401 125.1 F
15  49.94987192  007.27185672 120.6 E
15  49.94902760  007.27067680 121.7 D1
15  49.94846544  007.27005087 34.7 B5
15  49.94804113  007.26976971 125.0 C
15  49.94796574  007.26892957 214.4 B3
15  49.94698587  007.26928740 32.2 A4
15  49.94631427  007.26862367 212.8 A1
15  49.94650541  007.26813296 211.8 A2
15  49.94667665  007.26766772 211.3 A3
19  49.94045156  007.25715142 1 WS
19  49.95979070  007.27307163 1 WS
1050 136350 ATIS
1053 121975 GND
1054 123525 LANGEN INFO
1054 119650 TWR
1055 125600 LANGEN RADAR
1200 
1201  49.95693331  007.27207007 both 0 03/21_start
1201  49.93191443  007.24735084 both 1 03/21_stop
1201  49.93171902  007.24715894 both 2 B1_stop
1201  49.93147255  007.24715894 both 3 B1_stop
1201  49.93123704  007.24752055 both 4 B1_stop
1201  49.93096866  007.24816294 both 5 B1_stop
1201  49.93082544  007.24850113 both 6 A_stop
1201  49.93074110  007.24890826 both 7 A_stop
1201  49.93078781  007.24929722 both 8 A_stop
1201  49.93097053  007.24955237 both 9 A_stop
1201  49.93113297  007.24970470 both 10 A_stop
1201  49.93660076  007.25514747 both 11 A_stop
1201  49.93682137  007.25536645 both 12 A_stop
1201  49.93704743  007.25559658 both 13 A_stop
1201  49.93720493  007.25584523 both 14 A_stop
1201  49.93720247  007.25617268 both 15 A_stop
1201  49.93711148  007.25643291 both 16 A_stop
1201  49.93697914  007.25673632 both 17 A_stop
1201  49.93703898  007.25707242 both 18 A_stop
1201  49.93721837  007.25732843 both 19 A_stop
1201  49.93737224  007.25751534 both 20 A_stop
1201  49.93275334  007.24818068 both 21 03/21_start(split)
1201  49.93280756  007.24856442 both 22 B2_stop
1201  49.93272924  007.24912598 both 23 B2_stop
1201  49.93249728  007.24970159 both 24 B2_stop
1201  49.93333473  007.24876564 both 25 03/21_start(split)
1201  49.93298830  007.24884520 both 26 B2_stop
1201  49.93211367  007.25068272 both 27 A_stop(split)
1201  49.93901309  007.25624415 both 28 C_start
1201  49.93852810  007.25742829 both 29 C_stop
1201  49.94015613  007.25549263 both 30 03/21_start(split)
1201  49.93993803  007.25531730 both 31 C_stop
1201  49.93973316  007.25524886 both 32 C_stop
1201  49.93952123  007.25531832 both 33 C_stop
1201  49.93935737  007.25548405 both 34 C_stop
1201  49.93923834  007.25570261 both 35 C_stop
1201  49.93783318  007.25806598 both 36 A_stop
1201  49.93804341  007.25835900 both 37 A_stop
1201  49.93826609  007.25882296 both 38 A_stop
1201  49.93847474  007.25907684 both 39 A_stop
1201  49.94065278  007.26130842 both 40 A_stop
1201  49.94204403  007.26272795 both 41 A_stop
1201  49.94232229  007.26301378 both 42 A_stop
1201  49.94526739  007.26602463 both 43 A_stop
1201  49.94547577  007.26623555 both 44 A_stop
1201  49.94567705  007.26641921 both 45 A_stop
1201  49.94588864  007.26643181 both 46 A_stop
1201  49.94614361  007.26640936 both 47 A_stop
1201  49.94643266  007.26648714 both 48 A_stop
1201  49.94925227  007.26928094 both 49 A_stop
1201  49.95045647  007.27046050 both 50 A_stop
1201  49.95210279  007.27206772 both 51 A_stop
1201  49.95387895  007.27382875 both 52 A_stop
1201  49.95514255  007.27505675 both 53 A_stop
1201  49.95538284  007.27529222 both 54 A_stop
1201  49.95561270  007.27544794 both 55 A_stop
1201  49.95584989  007.27547213 both 56 A_stop
1201  49.93832919  007.25791064 both 57 C_stop
1201  49.93821413  007.25819143 both 58 C_stop
1201  49.93817481  007.25848838 both 59 C_stop
1201  49.94412628  007.26486309 both 60 A_stop(split)
1201  49.94432466  007.26506884 both 61 A_stop(split)(split)
1201  49.94438752  007.26457004 both 62 D_stop
1201  49.94508005  007.26286455 both 63 D_stop
1201  49.94537686  007.26214392 both 64 D_stop
1201  49.94618729  007.26145535 both 65 03/21_start(split)
1201  49.94564738  007.26149053 both 66 D_stop
1201  49.94582124  007.26135936 both 67 D_stop
1201  49.94600085  007.26134136 both 68 D_stop
1201  49.94546031  007.26074183 both 69 03/21_start(split)(split)
1201  49.94568403  007.26121128 both 70 D_stop
1201  49.94561321  007.26090700 both 71 D_stop
1201  49.94730606  007.26734934 both 72 A_stop(split)
1201  49.94662125  007.26904049 both 73 _start
1201  49.94859683  007.26863210 both 74 A_stop(split)(split)
1201  49.94791821  007.27031129 both 75 _start
1201  49.94889970  007.26893700 both 76 A_stop(split)(split)(split)
1201  49.94935060  007.26795879 both 77 E_stop
1201  49.94952475  007.26759870 both 78 E_stop
1201  49.94976942  007.26741485 both 79 E_stop
1201  49.95000707  007.26737377 both 80 E_stop
1201  49.95044861  007.26728988 both 81 E_stop
1201  49.95219883  007.26738292 both 82 03/21_start(split)
1201  49.95138200  007.26720705 both 83 E_stop
1201  49.95169886  007.26722943 both 84 E_stop
1201  49.95193959  007.26728699 both 85 E_stop
1201  49.95074209  007.26725465 both 86 E_stop(split)
1201  49.95089706  007.26608737 both 87 03/21_start(split)(split)
1201  49.95099687  007.26713229 both 88 E_stop
1201  49.95112910  007.26685474 both 89 E_stop
1201  49.95114137  007.26654689 both 90 E_stop
1201  49.95104615  007.26628605 both 91 E_stop
1201  49.95735636  007.27392087 both 92 F_start
1201  49.95745766  007.27366786 both 93 F_stop
1201  49.95753239  007.27334816 both 94 F_stop
1201  49.95742908  007.27266923 both 95 F_stop
1201  49.95729176  007.27243273 both 96 F_stop
1201  49.95711935  007.27225852 both 97 F_stop
1201  49.95752304  007.27298203 both 98 F_stop(split)
1201  49.95699189  007.27439169 both 99 F_stop
1201  49.95719263  007.27419129 both 100 F_stop
1201  49.95733787  007.27449345 both 101 G_stop
1201  49.95744347  007.27474255 both 102 G_stop
1201  49.95755522  007.27501743 both 103 G_stop
1201  49.95760735  007.27534120 both 104 G_stop
1201  49.95754935  007.27564441 both 105 G_stop
1201  49.95724813  007.27600178 both 106 G_stop
1201  49.95683398  007.27640460 both 107 G_stop
1201  49.95650810  007.27665148 both 108 G_stop
1201  49.95612698  007.27521818 both 109 A_stop(split)
1201  49.95624520  007.27551500 both 110 M_stop
1201  49.95660394  007.27705158 both 111 M_stop
1201  49.95681886  007.27800645 both 112 M_stop
1201  49.95707125  007.27863941 both 113 M_stop
1201  49.95741042  007.27898598 both 114 M_stop
1201  49.95793214  007.27951609 both 115 M_stop
1201  49.95884407  007.28043552 both 116 M_stop
1202 2 3 twoway taxiway_E B1
1204 departure 03,21
1204 arrival 03,21
1202 3 4 twoway taxiway_E B1
1204 departure 03,21
1204 arrival 03,21
1202 4 5 twoway taxiway_E B1
1204 departure 03,21
1204 arrival 03,21
1202 5 6 twoway taxiway_E A
1204 ils 03
1202 6 7 twoway taxiway_E A
1204 ils 03
1202 7 8 twoway taxiway_E A
1204 ils 03
1202 8 9 twoway taxiway_E A
1204 ils 03
1202 9 10 twoway taxiway_E A
1204 ils 03
1202 10 27 twoway taxiway_E A
1204 ils 03
1202 11 12 twoway taxiway_E A
1204 ils 03
1202 12 13 twoway taxiway_E A
1204 ils 03
1202 13 14 twoway taxiway_E A
1204 ils 03
1202 14 15 twoway taxiway_E A
1204 ils 03
1202 15 16 twoway taxiway_E A
1204 ils 03
1202 16 17 twoway taxiway_E A
1204 ils 03
1202 17 18 twoway taxiway_E A
1204 ils 03
1202 18 19 twoway taxiway_E A
1204 ils 03
1202 19 20 twoway taxiway_E A
1204 ils 03
1202 21 1 twoway runway 03/21
1204 departure 03,21
1204 arrival 03,21
1204 ils 03,21
1202 21 22 twoway taxiway_E B2
1204 departure 03,21
1204 arrival 03,21
1202 22 23 twoway taxiway_E B2
1204 departure 03,21
1204 arrival 03,21
1202 23 24 twoway taxiway_E B2
1204 departure 03,21
1204 arrival 03,21
1202 25 21 twoway runway 03/21
1204 departure 03,21
1204 arrival 03,21
1204 ils 03,21
1202 25 26 twoway taxiway_E B2
1204 departure 03,21
1204 arrival 03,21
1202 26 23 twoway taxiway_E B2
1204 departure 03,21
1204 arrival 03,21
1202 27 11 twoway taxiway_E A
1204 ils 03
1202 24 27 twoway taxiway_E B2
1204 ils 03
1202 28 29 twoway taxiway_E C
1204 ils 03
1202 30 25 twoway runway 03/21
1204 departure 03,21
1204 arrival 03,21
1204 ils 03,21
1202 30 31 twoway taxiway_E C
1204 departure 03,21
1204 arrival 03,21
1202 31 32 twoway taxiway_E C
1204 departure 03,21
1204 arrival 03,21
1202 32 33 twoway taxiway_E C
1204 departure 03,21
1204 arrival 03,21
1202 33 34 twoway taxiway_E C
1204 departure 03,21
1204 arrival 03,21
1202 34 35 twoway taxiway_E C
1204 departure 03,21
1204 arrival 03,21
1202 35 28 twoway taxiway_E C
1204 departure 03,21
1204 arrival 03,21
1202 20 36 twoway taxiway_E A
1202 36 37 twoway taxiway_E A
1202 37 38 twoway taxiway_E A
1202 38 39 twoway taxiway_E A
1202 39 40 twoway taxiway_E A
1202 40 41 twoway taxiway_E A
1202 41 42 twoway taxiway_E A
1202 42 60 twoway taxiway_E A
1202 0 82 twoway runway 03/21
1204 departure 03,21
1204 arrival 03,21
1204 ils 03,21
1202 1 2 twoway taxiway_E B1
1204 departure 03,21
1204 arrival 03,21
1202 43 44 twoway taxiway_E A
1202 44 45 twoway taxiway_E A
1202 45 46 twoway taxiway_E A
1202 46 47 twoway taxiway_E A
1202 47 48 twoway taxiway_E A
1202 48 72 twoway taxiway_E A
1202 49 50 twoway taxiway_E A
1202 50 51 twoway taxiway_E A
1202 51 52 twoway taxiway_E A
1202 52 53 twoway taxiway_E A
1202 53 54 twoway taxiway_E A
1202 54 55 twoway taxiway_E A
1202 55 56 twoway taxiway_E A
1202 29 57 twoway taxiway_E C
1202 57 58 twoway taxiway_E C
1202 58 59 twoway taxiway_E C
1202 59 38 twoway taxiway_E C
1202 60 61 twoway taxiway_E A
1202 41 42 twoway taxiway_E 
1202 61 43 twoway taxiway_E A
1202 61 62 twoway taxiway_E D
1202 62 63 twoway taxiway_E D
1202 63 64 twoway taxiway_E D
1204 ils 03
1202 65 69 twoway runway 03/21
1204 departure 03,21
1204 arrival 03,21
1204 ils 03,21
1202 64 66 twoway taxiway_E D
1204 departure 03,21
1204 arrival 03,21
1202 66 67 twoway taxiway_E D
1204 departure 03,21
1204 arrival 03,21
1202 67 68 twoway taxiway_E D
1204 departure 03,21
1204 arrival 03,21
1202 68 65 twoway taxiway_E D
1204 departure 03,21
1204 arrival 03,21
1202 69 30 twoway runway 03/21
1204 departure 03,21
1204 arrival 03,21
1204 ils 03,21
1202 66 70 twoway taxiway_E D
1204 departure 03,21
1204 arrival 03,21
1202 70 71 twoway taxiway_E D
1204 departure 03,21
1204 arrival 03,21
1202 71 69 twoway taxiway_E D
1204 departure 03,21
1204 arrival 03,21
1202 72 74 twoway taxiway_E A
1202 73 72 twoway taxiway_E 
1202 74 76 twoway taxiway_E A
1202 75 74 twoway taxiway_E 
1202 76 49 twoway taxiway_E A
1202 76 77 twoway taxiway_E E
1202 77 78 twoway taxiway_E E
1202 78 79 twoway taxiway_E E
1202 79 80 twoway taxiway_E E
1204 ils 21
1202 80 81 twoway taxiway_E E
1204 ils 21
1202 82 87 twoway runway 03/21
1204 departure 03,21
1204 arrival 03,21
1204 ils 03,21
1202 81 86 twoway taxiway_E E
1204 departure 03,21
1204 arrival 03,21
1202 83 84 twoway taxiway_E E
1204 departure 03,21
1204 arrival 03,21
1202 84 85 twoway taxiway_E E
1204 departure 03,21
1204 arrival 03,21
1202 85 82 twoway taxiway_E E
1204 departure 03,21
1204 arrival 03,21
1202 86 83 twoway taxiway_E E
1204 departure 03,21
1204 arrival 03,21
1202 87 65 twoway runway 03/21
1204 departure 03,21
1204 arrival 03,21
1204 ils 03,21
1202 86 88 twoway taxiway_E E
1204 departure 03,21
1204 arrival 03,21
1202 88 89 twoway taxiway_E E
1204 departure 03,21
1204 arrival 03,21
1202 89 90 twoway taxiway_E E
1204 departure 03,21
1204 arrival 03,21
1202 90 91 twoway taxiway_E E
1204 departure 03,21
1204 arrival 03,21
1202 91 87 twoway taxiway_E E
1204 departure 03,21
1204 arrival 03,21
1202 92 93 twoway taxiway_E F
1204 departure 03,21
1204 arrival 03,21
1202 93 94 twoway taxiway_E F
1204 departure 03,21
1204 arrival 03,21
1202 94 98 twoway taxiway_E F
1204 departure 03,21
1204 arrival 03,21
1202 95 96 twoway taxiway_E F
1204 departure 03,21
1204 arrival 03,21
1202 96 97 twoway taxiway_E F
1204 departure 03,21
1204 arrival 03,21
1202 97 0 twoway taxiway_E F
1204 departure 03,21
1204 arrival 03,21
1202 98 95 twoway taxiway_E F
1204 departure 03,21
1204 arrival 03,21
1202 56 109 twoway taxiway_E F
1204 ils 21
1202 99 100 twoway taxiway_E F
1204 ils 21
1202 100 92 twoway taxiway_E F
1204 ils 21
1202 99 101 twoway taxiway_E G
1204 ils 21
1202 101 102 twoway taxiway_E G
1204 ils 21
1202 102 103 twoway taxiway_E G
1204 ils 21
1202 103 104 twoway taxiway_E G
1204 ils 21
1202 104 105 twoway taxiway_E G
1204 ils 21
1202 105 106 twoway taxiway_E G
1204 ils 21
1202 106 107 twoway taxiway_E G
1204 ils 21
1202 107 108 twoway taxiway_E G
1204 ils 21
1202 109 99 twoway taxiway_E F
1204 ils 21
1202 109 110 twoway taxiway_E M
1204 ils 21
1202 110 108 twoway taxiway_E M
1204 ils 21
1202 108 111 twoway taxiway_E M
1204 ils 21
1202 111 112 twoway taxiway_E M
1202 112 113 twoway taxiway_E M
1202 113 114 twoway taxiway_E M
1202 114 115 twoway taxiway_E M
1202 115 116 twoway taxiway_E M
99
