I
1200 Generated by WorldEditor 2.5.0b3

1    183 0 0 EDDV Hannover
1302 city Hannover
1302 country DEU
1302 datum_lat 52.460213889
1302 datum_lon 9.683522222
1302 gui_label 2D
1302 iata_code HAJ
1302 icao_code EDDV
1302 region_code ED
1302 state Lower Saxony
1302 transition_alt 5000
1302 flatten 1
100 45.11 2 0 0.25 1 3 0 09R  52.45498634  009.67674490 0 0 3 1 0 0 27L  52.45403215  009.71116574 0 0 3 1 0 0
100 22.86 1 0 0.25 0 0 0 09C  52.46482763  009.68374871 61 0 1 0 0 0 27C  52.46450994  009.69520388 171 0 1 0 0 0
100 47.00 2 0 0.25 1 3 0 09L  52.46837105  009.64828385 300 0 3 2 1 0 27R  52.46682522  009.70416613 300 0 3 2 1 0
102 H1  52.46311225  009.68295110 232.4 11.90 12.50 15 0 0 0.00 0
102 H2  52.46285312  009.68326964 232.1 13.00 12.50 15 0 0 0.00 0
102 H69  52.46286336  009.69150336 338.9 17.00 16.60 15 0 0 0.25 1
102 H70  52.46276517  009.69109289 338.8 16.80 16.60 15 0 0 0.25 1
102 H71  52.46267501  009.69070798 338.8 12.20 12.20 15 0 0 0.25 1
110 2 0.00 0.0 New Taxiway 8
111  52.46332864  009.69473203
111  52.46339822  009.69506876
111  52.46367391  009.69488681
113  52.46360775  009.69458423
110 1 0.00 0.0 New Taxiway 5
111  52.46441043  009.69606531
112  52.46439304  009.69612592  52.46437565  009.69618653
111  52.46434708  009.69622476
111  52.46371089  009.69708841
112  52.46364428  009.69715519  52.46360783  009.69716819
111  52.46355155  009.69711566
111  52.46358255  009.69725421
111  52.46360818  009.69732879
111  52.46369650  009.69722362
111  52.46401412  009.69725897
111  52.46400549  009.69715607
111  52.46399211  009.69687759
112  52.46405202  009.69679410  52.46412354  009.69676368
111  52.46417118  009.69683858
111  52.46421829  009.69710850
111  52.46429022  009.69709707
111  52.46417910  009.69661230
111  52.46440096  009.69630279
112  52.46443582  009.69628529  52.46444833  009.69628637
113  52.46446453  009.69629778
110 1 0.00 0.0 New Taxiway 6
111  52.46467133  009.69914825
112  52.46464960  009.69924000  52.46463257  009.69927870
111  52.46461201  009.69929304
111  52.46415331  009.69939026
111  52.46417505  009.70002505
111  52.46426945  009.70002322
111  52.46435532  009.70001100
111  52.46449152  009.69998326
112  52.46457428  009.70000360  52.46459000  009.70002295
111  52.46460267  009.70007333
111  52.46471029  009.70002081
112  52.46465733  009.69986679  52.46465733  009.69983240
112  52.46470049  009.69972931  52.46473567  009.69969002
111  52.46479827  009.69964967
111  52.46505026  009.69961601
111  52.46514553  009.69960835
112  52.46520922  009.69964128  52.46522640  009.69965128
111  52.46525462  009.69970116
111  52.46515374  009.69918255
112  52.46512147  009.69939837  52.46508349  009.69949295
111  52.46504158  009.69949510
111  52.46469904  009.69953669
111  52.46464087  009.69952084
111  52.46463689  009.69938762
112  52.46470547  009.69927657  52.46473297  009.69922283
113  52.46473373  009.69913995
112  52.46458441  009.69963079  52.46459394  009.69973827
111  52.46454512  009.69980275
111  52.46439987  009.69982034
112  52.46436177  009.69968160  52.46435582  009.69959366
111  52.46439153  009.69953894
113  52.46453441  009.69951158
110 2 0.25 92.1 Terminal Apron
111  52.45736086  009.68274490
111  52.45704626  009.68364341
111  52.45688668  009.68952579
111  52.45763003  009.68958406
111  52.45761147  009.69030689
111  52.45683990  009.69127257
111  52.45681282  009.69175376
111  52.45665452  009.69694730
111  52.45657210  009.69987173
111  52.45642661  009.70536007
111  52.45633544  009.70828361
111  52.45625192  009.71162705
111  52.45676445  009.71215340
111  52.45732863  009.71078915
111  52.45696687  009.71040129
112  52.45696687  009.71040129  52.45685716  009.71028580
112  52.45693455  009.71005429  52.45698759  009.70990273
111  52.45693455  009.71005429
111  52.45746598  009.70876697
111  52.45712841  009.70841634
111  52.45713275  009.70837138
111  52.45668133  009.70789541
112  52.45668133  009.70789541  52.45640150  009.70758782
112  52.45701433  009.70716438  52.45746070  009.70776465
111  52.45701433  009.70716438
111  52.45754907  009.70572468
111  52.45748816  009.70562221
112  52.45748816  009.70562221  52.45751069  009.70555238
111  52.45748633  009.70494952
111  52.45823542  009.70367472
111  52.45863176  009.70327992
112  52.45877184  009.70259040  52.45879763  009.70231735
111  52.45877184  009.70259040
111  52.45878274  009.70222962
111  52.45890176  009.70212159
111  52.45892191  009.70147579
111  52.45873413  009.70147010
111  52.45781021  009.70048360
111  52.45781666  009.70004190
111  52.45840879  009.69960187
111  52.45848742  009.69738271
111  52.45791047  009.69680524
112  52.45791047  009.69680524  52.45775297  009.69663702
112  52.45794584  009.69632768  52.45809335  009.69619229
111  52.45794584  009.69632768
111  52.45853253  009.69591636
111  52.45890492  009.69478315
111  52.45881091  009.69363099
112  52.45881091  009.69363099  52.45882238  009.69349221
112  52.45897730  009.69346117  52.45904113  009.69347276
111  52.45897730  009.69346117
111  52.45988602  009.69421434
111  52.46052621  009.69349491
111  52.46033341  009.69286643
111  52.46057267  009.69249815
111  52.46034311  009.69200377
111  52.46044710  009.69140067
111  52.46109949  009.69087787
111  52.46094413  009.69012122
112  52.46094413  009.69012122  52.46092553  009.69003306
111  52.46094637  009.69001753
111  52.46083163  009.68967964
112  52.46083163  009.68967964  52.46069274  009.68970637
112  52.46068586  009.68899883  52.46078866  009.68876629
111  52.46068586  009.68899883
111  52.46063048  009.68876147
112  52.46063048  009.68876147  52.46036458  009.68883571
111  52.46026662  009.68852211
111  52.46007171  009.68795634
111  52.45933639  009.68640885
111  52.45914352  009.68664455
112  52.45914352  009.68664455  52.45904719  009.68676666
112  52.45897815  009.68645244  52.45897982  009.68631309
111  52.45897815  009.68645244
111  52.45891571  009.68644862
113  52.45902265  009.68286985
110 2 0.25 91.9 Twy A
111  52.45510314  009.67818690
112  52.45510314  009.67818690  52.45513947  009.67793893
112  52.45561064  009.67722541  52.45595648  009.67711125
111  52.45561064  009.67722541
111  52.45586014  009.67719182
112  52.45586014  009.67719182  52.45615526  009.67732433
112  52.45649430  009.67830199  52.45662528  009.67914634
111  52.45649430  009.67830199
111  52.45639827  009.68146359
111  52.45632722  009.68412443
111  52.45616843  009.69017732
111  52.45609374  009.69267726
111  52.45574579  009.70525232
111  52.45566110  009.70827534
111  52.45563825  009.70934854
112  52.45563825  009.70934854  52.45562488  009.71053366
112  52.45484693  009.71087795  52.45450820  009.71087167
112  52.45425230  009.70986867  52.45424960  009.70932162
111  52.45425230  009.70986867
111  52.45421370  009.71116576
112  52.45488485  009.71120086  52.45525635  009.71121304
112  52.45580563  009.70973758  52.45582947  009.70873049
111  52.45584407  009.70838813
111  52.45591920  009.70571811
111  52.45608138  009.69999729
111  52.45617468  009.69665500
111  52.45628157  009.69289379
111  52.45636612  009.68985460
111  52.45652860  009.68413598
111  52.45660558  009.68110082
111  52.45667697  009.67835614
112  52.45667697  009.67835614  52.45665044  009.67730431
112  52.45589412  009.67689389  52.45568362  009.67687769
111  52.45589412  009.67689389
111  52.45523230  009.67682107
113  52.45513527  009.67679891
110 2 0.25 0.0 Twy D
111  52.45656370  009.68379252
112  52.45656370  009.68379252  52.45658592  009.68333717
112  52.45680995  009.68320984  52.45693309  009.68321354
112  52.45705735  009.68364523  52.45704110  009.68390439
111  52.45705735  009.68364523
111  52.45736317  009.68275248
112  52.45736317  009.68275248  52.45728750  009.68275248
112  52.45717392  009.68268210  52.45710388  009.68262031
112  52.45684919  009.68233227  52.45667621  009.68213198
112  52.45665712  009.68186532  52.45661983  009.68168508
111  52.45665712  009.68186532
111  52.45659241  009.68111763
111  52.45651419  009.68415054
113  52.45654631  009.68407150
110 2 0.25 0.0 Twy D
111  52.45634080  009.68208827
112  52.45634080  009.68208827  52.45629412  009.68235207
111  52.45611284  009.68235612
111  52.45566317  009.68241370
111  52.45527220  009.68239504
112  52.45527220  009.68239504  52.45511930  009.68237950
112  52.45501930  009.68198866  52.45500873  009.68182681
111  52.45501930  009.68198866
111  52.45499165  009.68303581
112  52.45499165  009.68303581  52.45502093  009.68279610
112  52.45525795  009.68272981  52.45538191  009.68273698
111  52.45525795  009.68272981
111  52.45564662  009.68272035
111  52.45602721  009.68281233
112  52.45602721  009.68281233  52.45614957  009.68285674
112  52.45628894  009.68321541  52.45632061  009.68344957
111  52.45628894  009.68321541
111  52.45633426  009.68409628
113  52.45641153  009.68140289
110 2 0.25 0.0 Twy A1
111  52.45583422  009.70824761
112  52.45590997  009.70813936  52.45595094  009.70810971
111  52.45590997  009.70813936
111  52.45609779  009.70803821
112  52.45609779  009.70803821  52.45624842  009.70796612
111  52.45634643  009.70817321
111  52.45643725  009.70537948
111  52.45631264  009.70627066
112  52.45607091  009.70608461  52.45604665  009.70604785
113  52.45591920  009.70571811
110 2 0.25 0.0 Twy B
111  52.45573751  009.70603621
112  52.45573751  009.70603621  52.45564026  009.70622785
111  52.45550363  009.70646400
111  52.45496605  009.70654623
112  52.45496605  009.70654623  52.45459681  009.70648140
112  52.45434891  009.70616143  52.45426666  009.70586425
111  52.45434891  009.70616143
111  52.45432246  009.70720469
112  52.45432246  009.70720469  52.45436481  009.70698820
112  52.45455746  009.70688171  52.45468146  009.70688700
111  52.45455746  009.70688171
111  52.45496280  009.70683957
111  52.45541325  009.70698727
111  52.45553418  009.70706475
111  52.45561109  009.70725805
111  52.45568077  009.70773097
113  52.45571026  009.70694104
110 2 0.25 0.0 Twy C
111  52.45626723  009.69289922
111  52.45635704  009.69216808
112  52.45635704  009.69216808  52.45638742  009.69191261
112  52.45665135  009.69171023  52.45681842  009.69173516
111  52.45665135  009.69171023
111  52.45682585  009.69173867
111  52.45683990  009.69127257
111  52.45666844  009.69124408
112  52.45666844  009.69124408  52.45652795  009.69119424
112  52.45639535  009.69075822  52.45637636  009.69047160
111  52.45639535  009.69075822
113  52.45634626  009.68985460
110 2 0.25 0.0 Twy C
111  52.45609609  009.69086687
112  52.45609609  009.69086687  52.45606710  009.69114962
111  52.45587708  009.69117605
111  52.45547191  009.69123072
111  52.45500796  009.69118606
112  52.45500796  009.69118606  52.45485827  009.69111084
112  52.45477473  009.69080754  52.45476324  009.69064585
111  52.45477473  009.69080754
111  52.45474978  009.69185555
112  52.45474978  009.69185555  52.45477771  009.69161540
112  52.45500739  009.69148386  52.45513139  009.69148914
111  52.45500739  009.69148386
111  52.45548067  009.69150609
111  52.45586789  009.69163398
112  52.45586789  009.69163398  52.45599049  009.69167654
112  52.45606296  009.69200178  52.45608308  009.69223829
111  52.45606296  009.69200178
111  52.45610787  009.69266347
113  52.45617544  009.69020777
110 2 0.25 0.0 Twy A2
111  52.45605867  009.69998868
111  52.45619436  009.69891158
112  52.45619436  009.69891158  52.45622301  009.69870575
112  52.45649273  009.69884347  52.45654832  009.69917188
111  52.45649273  009.69884347
111  52.45659800  009.69984025
111  52.45667218  009.69693195
111  52.45654003  009.69771605
112  52.45654003  009.69771605  52.45648381  009.69805251
112  52.45625116  009.69769379  52.45622082  009.69742247
111  52.45625116  009.69769379
113  52.45616070  009.69665500
110 2 0.00 0.0 New Taxiway 1
111  52.46473373  009.69913995
111  52.46472640  009.69891731
111  52.46436910  009.69740172
112  52.46449525  009.69724580  52.46461265  009.69717840
111  52.46472666  009.69732856
111  52.46455700  009.69664625
112  52.46452807  009.69689917  52.46449605  009.69698371
111  52.46446032  009.69699524
111  52.46429022  009.69709707
111  52.46421829  009.69710850
111  52.46399460  009.69715311
111  52.46399732  009.69724314
111  52.46371312  009.69721223
113  52.46383674  009.69919514
110 2 0.25 0.0 Blast Apron Fence
112  52.46551700  009.65637576  52.46532405  009.65647128
111  52.46551700  009.65637576
111  52.46518072  009.65655436
111  52.46489935  009.65615980
111  52.46420719  009.65669263
111  52.46437169  009.65753919
111  52.46511296  009.65735885
111  52.46521771  009.65676544
111  52.46549232  009.65662595
112  52.46549232  009.65662595  52.46566733  009.65666579
112  52.46579275  009.65709160  52.46584862  009.65746425
111  52.46579275  009.65709160
111  52.46582663  009.65595833
114  52.46582663  009.65595833  52.46580414  009.65624894
110 1 0.25 0.0 Hangar Twy
112  52.46278843  009.68983179  52.46274326  009.68988909
111  52.46278843  009.68983179
111  52.46245596  009.69025357
112  52.46245596  009.69025357  52.46241411  009.69031050
112  52.46229330  009.69034071  52.46225808  009.69033736
111  52.46229330  009.69034071
111  52.46247860  009.69048532
112  52.46247860  009.69048532  52.46245843  009.69044228
112  52.46247981  009.69032411  52.46250547  009.69028831
111  52.46247981  009.69032411
111  52.46284588  009.68985187
112  52.46284588  009.68985187  52.46286229  009.68982810
112  52.46289499  009.68984828  52.46291584  009.68988257
111  52.46289499  009.68984828
111  52.46284477  009.68962757
114  52.46284477  009.68962757  52.46285549  009.68977436
110 1 0.25 0.0 Hangar Twy
111  52.46353028  009.69451022
111  52.46329354  009.69463425
112  52.46329354  009.69463425  52.46326785  009.69464863
111  52.46323537  009.69460986
111  52.46327964  009.69480869
112  52.46330061  009.69476755  52.46331651  009.69475656
111  52.46330061  009.69476755
111  52.46332864  009.69473203
111  52.46360775  009.69458423
111  52.46360001  009.69454173
111  52.46366007  009.69450887
113  52.46365028  009.69445277
110 1 0.25 0.0 Hangar Twy
111  52.46285249  009.69357058
111  52.46297042  009.69405445
111  52.46304549  009.69411272
111  52.46311690  009.69445262
111  52.46319288  009.69438830
111  52.46313630  009.69408914
113  52.46303820  009.69347056
110 2 0.25 0.0 Hangar Apron
111  52.46252946  009.69202834
111  52.46265836  009.69261818
111  52.46286802  009.69360393
111  52.46290345  009.69358104
111  52.46304315  009.69351238
111  52.46313630  009.69408914
111  52.46342375  009.69393542
111  52.46353587  009.69454620
111  52.46365587  009.69448875
111  52.46354338  009.69388642
111  52.46331134  009.69296225
111  52.46328064  009.69283119
111  52.46302783  009.69176232
113  52.46284603  009.69185889
110 2 0.25 159.1 Hangar Apron
111  52.46304329  009.69444719
111  52.46285012  009.69456204
111  52.46305989  009.69553536
111  52.46322449  009.69545573
111  52.46323174  009.69554301
111  52.46317725  009.69558115
111  52.46319636  009.69566790
111  52.46295136  009.69577628
111  52.46319776  009.69733619
111  52.46357277  009.69720804
111  52.46355625  009.69712145
111  52.46350901  009.69703497
111  52.46346562  009.69674112
111  52.46375245  009.69672919
111  52.46372287  009.69541420
111  52.46339495  009.69543852
111  52.46337266  009.69531947
111  52.46331744  009.69501673
111  52.46327766  009.69481254
111  52.46323337  009.69460918
111  52.46321414  009.69452442
111  52.46319018  009.69438345
113  52.46311346  009.69440421
110 2 0.25 157.6 Hangar TWy
112  52.46347557  009.69266487  52.46341757  009.69270186
111  52.46347557  009.69266487
111  52.46326958  009.69278978
111  52.46329674  009.69292229
111  52.46349143  009.69279705
112  52.46349143  009.69279705  52.46354598  009.69276891
112  52.46364129  009.69285368  52.46368815  009.69295907
111  52.46364129  009.69285368
111  52.46354558  009.69245644
114  52.46354558  009.69245644  52.46355197  009.69257587
110 1 0.25 0.0 Hangar TWy
112  52.46395117  009.69477405  52.46389318  009.69481103
111  52.46395117  009.69477405
111  52.46371159  009.69490301
112  52.46371159  009.69490301  52.46368007  009.69492177
112  52.46365738  009.69488856  52.46365151  009.69487312
111  52.46365738  009.69488856
111  52.46364806  009.69485548
111  52.46339247  009.69500732
112  52.46338270  009.69506423  52.46336330  009.69507563
112  52.46330162  009.69498644  52.46326548  009.69491168
111  52.46330162  009.69498644
111  52.46337578  009.69531409
112  52.46337578  009.69531409  52.46337542  009.69526574
112  52.46341127  009.69519509  52.46344763  009.69516898
111  52.46399080  009.69488249
112  52.46399080  009.69488249  52.46404535  009.69485436
112  52.46414036  009.69491321  52.46419595  009.69500858
111  52.46414036  009.69491321
111  52.46404822  009.69451849
114  52.46404822  009.69451849  52.46403669  009.69471746
110 2 0.25 0.0 Twy G
111  52.46684623  009.65262555
112  52.46684623  009.65262555  52.46667397  009.65261592
111  52.46647277  009.65274825
111  52.46633941  009.65285581
111  52.46617666  009.65303304
111  52.46602637  009.65329437
111  52.46591677  009.65367706
112  52.46586242  009.65430874  52.46585082  009.65462223
111  52.46586242  009.65430874
111  52.46607819  009.65427045
112  52.46607819  009.65427045  52.46609317  009.65373376
112  52.46681262  009.65298170  52.46728564  009.65300286
111  52.46681262  009.65298170
111  52.46728828  009.65300590
112  52.46728828  009.65300590  52.46761749  009.65303026
112  52.46802836  009.65417138  52.46809974  009.65505229
111  52.46802836  009.65417138
113  52.46806042  009.65270693
110 2 0.25 92.5 Twy G
111  52.46587000  009.65429216
111  52.46582353  009.65598324
111  52.46578645  009.65711042
111  52.46554579  009.66590587
111  52.46512669  009.68044748
111  52.46506919  009.68120448
112  52.46506919  009.68120448  52.46505135  009.68138840
112  52.46483087  009.68190380  52.46473882  009.68206032
111  52.46483087  009.68190380
111  52.46527298  009.68226297
111  52.46564330  009.66872295
111  52.46571619  009.66686362
111  52.46574016  009.66541490
111  52.46582222  009.66250045
111  52.46588781  009.66028278
111  52.46602172  009.65518955
113  52.46607566  009.65425387
110 2 0.25 0.0 Twy M
111  52.46535242  009.69937713
111  52.46505359  009.69873971
111  52.46515189  009.69921302
111  52.46522724  009.69967393
111  52.46528538  009.69996931
111  52.46570684  009.70326854
112  52.46570684  009.70326854  52.46574822  009.70356544
112  52.46629013  009.70409034  52.46671187  009.70412953
111  52.46629013  009.70409034
111  52.46662712  009.70412024
111  52.46664586  009.70315401
112  52.46664586  009.70315401  52.46659152  009.70354400
112  52.46629864  009.70366245  52.46615194  009.70365927
112  52.46593720  009.70327073  52.46585870  009.70292846
111  52.46593720  009.70327073
111  52.46577589  009.70240243
111  52.46543276  009.69972828
111  52.46553437  009.69953874
113  52.46555906  009.69948906
110 1 0.25 0.0 New Taxiway 22
111  52.46457484  009.69592333
111  52.46461231  009.69518007
111  52.46443385  009.69442286
112  52.46443385  009.69442286  52.46442694  009.69458405
112  52.46421751  009.69444984  52.46418220  009.69434149
113  52.46421751  009.69444984
110 2 0.25 0.0 Twy M / N
111  52.46130643  009.68821857
111  52.46183947  009.68769564
112  52.46183947  009.68769564  52.46200896  009.68756012
112  52.46234829  009.68782945  52.46249294  009.68820415
111  52.46234829  009.68782945
111  52.46261895  009.68859893
111  52.46283858  009.68965915
111  52.46291491  009.68992313
111  52.46353384  009.69242372
111  52.46363934  009.69287675
111  52.46403170  009.69449884
111  52.46413309  009.69494501
111  52.46439890  009.69604322
111  52.46447451  009.69634198
111  52.46455189  009.69665583
111  52.46471863  009.69733215
111  52.46492805  009.69825682
112  52.46492805  009.69825682  52.46499484  009.69854030
112  52.46507733  009.69885609  52.46511689  009.69898082
111  52.46507733  009.69885609
111  52.46533695  009.69940506
111  52.46562729  009.69953484
112  52.46562729  009.69953484  52.46571453  009.69957121
112  52.46595785  009.69963685  52.46607482  009.69964385
111  52.46595785  009.69963685
112  52.46595785  009.69963685  52.46642571  009.69966483
111  52.46647349  009.69966054
111  52.46674966  009.69969782
111  52.46679926  009.69836039
112  52.46679926  009.69836039  52.46668976  009.69895924
112  52.46594368  009.69935937  52.46548538  009.69934165
112  52.46514232  009.69829703  52.46495246  009.69751189
111  52.46514232  009.69829703
111  52.46457484  009.69592333
111  52.46423209  009.69447345
111  52.46307465  009.68963389
111  52.46303060  009.68945509
111  52.46277977  009.68848290
111  52.46258855  009.68757898
112  52.46258855  009.68757898  52.46254872  009.68737744
112  52.46262109  009.68671087  52.46279704  009.68648583
111  52.46262109  009.68671087
113  52.46302501  009.68607161
110 1 0.25 0.0 New Taxiway 21
112  52.46472274  009.68446219  52.46473220  009.68471209
111  52.46472274  009.68446219
111  52.46492074  009.68380664
112  52.46492074  009.68380664  52.46492031  009.68377400
112  52.46493502  009.68368669  52.46495194  009.68365816
111  52.46493502  009.68368669
111  52.46449263  009.68422732
114  52.46449263  009.68422732  52.46458512  009.68412074
110 2 0.25 0.0 G / L Connector
111  52.46477884  009.68285082
112  52.46477884  009.68285082  52.46490455  009.68308664
112  52.46450471  009.68381987  52.46422814  009.68426202
111  52.46450471  009.68381987
111  52.46589967  009.68205017
111  52.46551095  009.68245049
112  52.46551095  009.68245049  52.46534213  009.68262146
112  52.46527298  009.68226297  52.46526579  009.68208611
113  52.46527298  009.68226297
110 2 0.25 0.0 Twy E
112  52.46662201  009.68117945  52.46636776  009.68150892
111  52.46662201  009.68117945
111  52.46589966  009.68205019
111  52.46446797  009.68386140
111  52.46310626  009.68555078
111  52.46121419  009.68799639
111  52.46057556  009.68878198
111  52.46067542  009.68903311
111  52.46129516  009.68824246
111  52.46302501  009.68607161
111  52.46445562  009.68428424
111  52.46491472  009.68369463
111  52.46656551  009.68164205
112  52.46656551  009.68164205  52.46672637  009.68143852
112  52.46725008  009.68162540  52.46741308  009.68197143
111  52.46725008  009.68162540
111  52.46733492  009.67931391
114  52.46733492  009.67931391  52.46727946  009.68042093
110 2 0.25 0.0 Twy F
111  52.46446014  009.68244966
111  52.46431172  009.68263476
111  52.46422595  009.68274117
111  52.46339795  009.68377472
111  52.46330863  009.68388363
111  52.46006211  009.68798207
111  52.46026662  009.68852211
112  52.46032449  009.68802719  52.46047158  009.68785403
111  52.46032449  009.68802719
112  52.46089080  009.68731821  52.46093967  009.68725100
111  52.46089080  009.68731821
112  52.46089080  009.68731821  52.46092074  009.68727702
112  52.46291845  009.68471482  52.46379297  009.68362119
111  52.46291845  009.68471482
112  52.46291845  009.68471482  52.46347109  009.68402373
111  52.46404663  009.68333031
111  52.46453502  009.68281131
112  52.46453502  009.68281131  52.46465523  009.68273480
112  52.46479645  009.68285605  52.46484551  009.68294061
111  52.46479645  009.68285605
111  52.46527299  009.68226297
111  52.46483878  009.68189018
114  52.46483878  009.68189018  52.46476702  009.68201415
110 2 0.25 0.0 Twy K
111  52.46618110  009.66678134
112  52.46618110  009.66678134  52.46656998  009.66685600
112  52.46678468  009.66776160  52.46689722  009.66828337
111  52.46726676  009.67084551
112  52.46726676  009.67084551  52.46742827  009.67186018
112  52.46751488  009.67313077  52.46752041  009.67376339
111  52.46751488  009.67313077
111  52.46756545  009.67026730
112  52.46756545  009.67026730  52.46755861  009.67037765
112  52.46741557  009.67023335  52.46739043  009.67010526
111  52.46741557  009.67023335
112  52.46697413  009.66783198  52.46690751  009.66737819
112  52.46673020  009.66684863  52.46662162  009.66662640
113  52.46673020  009.66684863
110 2 0.25 0.0 Twy K
112  52.46734917  009.66659418  52.46721025  009.66658798
111  52.46734917  009.66659418
112  52.46643313  009.66653626  52.46601754  009.66650968
112  52.46569842  009.66678283  52.46554359  009.66699763
111  52.46569842  009.66678283
111  52.46561733  009.66873641
111  52.46571287  009.66759499
112  52.46571287  009.66759499  52.46574855  009.66703221
112  52.46626827  009.66683538  52.46649660  009.66684096
111  52.46626827  009.66683538
111  52.46670718  009.66684528
111  52.46725201  009.66687622
112  52.46725201  009.66687622  52.46755747  009.66690134
112  52.46764949  009.66746036  52.46765299  009.66768369
111  52.46764949  009.66746036
111  52.46768770  009.66611179
114  52.46768770  009.66611179  52.46765128  009.66638162
110 2 0.25 0.0 Twy J
111  52.46760459  009.66003432
112  52.46669857  009.65997702  52.46628298  009.65995044
111  52.46598614  009.66039338
111  52.46587636  009.66024822
111  52.46579979  009.66247798
111  52.46588485  009.66152258
112  52.46588485  009.66152258  52.46594902  009.66063086
112  52.46667411  009.66032410  52.46701822  009.66035360
111  52.46667411  009.66032410
111  52.46712589  009.66036685
112  52.46712589  009.66036685  52.46753457  009.66039802
112  52.46781388  009.66153317  52.46780633  009.66203182
111  52.46781388  009.66153317
113  52.46788371  009.65951160
110 2 0.25 0.0 Twy G
111  52.46774717  009.64827019
112  52.46774717  009.64827019  52.46745987  009.64825628
112  52.46716590  009.64908473  52.46704716  009.64950375
111  52.46716590  009.64908473
111  52.46591450  009.65370513
111  52.46604588  009.65331039
111  52.46617666  009.65303304
111  52.46633941  009.65285581
111  52.46648893  009.65275156
111  52.46642483  009.65256230
111  52.46721084  009.64965595
111  52.46742479  009.64902616
112  52.46742479  009.64902616  52.46749170  009.64882848
112  52.46777218  009.64865268  52.46793944  009.64866414
112  52.46815668  009.64935515  52.46815894  009.64983741
111  52.46815668  009.64935515
113  52.46817994  009.64828802
110 2 0.25 0.0 Twy M
112  52.46281094  009.68584909  52.46274172  009.68591164
112  52.46236939  009.68614995  52.46228384  009.68616378
112  52.46228159  009.68589448  52.46230622  009.68579449
112  52.46260419  009.68522837  52.46267613  009.68510392
111  52.46291166  009.68469616
111  52.46088404  009.68728445
111  52.46104935  009.68716331
112  52.46123987  009.68696923  52.46131733  009.68689878
112  52.46147679  009.68674976  52.46157758  009.68667471
112  52.46168233  009.68660224  52.46172337  009.68657742
112  52.46182639  009.68662862  52.46185663  009.68667029
112  52.46185898  009.68683183  52.46182765  009.68689920
112  52.46159116  009.68740394  52.46154709  009.68748371
111  52.46134927  009.68783942
113  52.46311165  009.68559161
110 1 0.25 0.0 GA Twy
111  52.46309472  009.68950845
112  52.46309472  009.68950845  52.46307135  009.68950669
112  52.46301793  009.68944409  52.46300969  009.68941675
111  52.46301793  009.68944409
111  52.46306788  009.68964039
112  52.46306788  009.68964039  52.46306452  009.68962691
112  52.46310753  009.68957968  52.46313301  009.68958185
111  52.46310753  009.68957968
111  52.46348322  009.68960728
113  52.46348798  009.68952838
130 Airport Boundary 1
111  52.46178552  009.72550479
111  52.47235144  009.71355040
111  52.47398915  009.63641855
111  52.46675150  009.63537857
111  52.45444222  009.65800261
111  52.44023106  009.67923065
113  52.44044238  009.73026459
120 Rwy Hold 09C G
111  52.46544330  009.67701991 104
115  52.46521453  009.67700082
120 Rwy Hold 09C F
111  52.46374048  009.68332005 104
115  52.46386256  009.68358190
120 Rwy Hold 09C L
111  52.46401643  009.68442447 104
115  52.46413934  009.68468934
120 Rwy Hold 09C L
111  52.46574816  009.68267024 104
115  52.46559577  009.68234502
120 Rwy Hold 27C M
111  52.46491650  009.69823775 104
115  52.46510514  009.69811775
120 Rwy Hold 27C M
111  52.46413188  009.69404624 104
115  52.46394645  009.69417113
120 Rwy Hold 27C Q
111  52.46430105  009.69708817 104
115  52.46436841  009.69738098
120 Rwy Hold 27C P
111  52.46374313  009.69487308 104
115  52.46377082  009.69501197
120 Rwy Hold
111  52.45579384  009.67721781 104
115  52.45580431  009.67683634
120 Rwy Hold
111  52.45484912  009.71121851 104
115  52.45485952  009.71083918
120 Rwy Hold
111  52.45497051  009.70687713 104
115  52.45498074  009.70651813
120 Rwy Hold
111  52.45539862  009.69153176 104
115  52.45540714  009.69120054
120 Rwy Hold
111  52.45564139  009.68274214 104
115  52.45565161  009.68238090
120 Linear Feature 12
111  52.46400862  009.69481238 101
112  52.46414270  009.69480837  52.46420844  009.69483697 101
115  52.46423999  009.69495099
120 Linear Feature 11
111  52.46412048  009.69444900 101
112  52.46410886  009.69466442  52.46407892  009.69477633 101
111  52.46400862  009.69481238 101
111  52.46377396  009.69493431 101
111  52.46339909  009.69513093 101
112  52.46331790  009.69512534  52.46328341  009.69508997 101
115  52.46327627  009.69504281
120 Linear Feature 10
111  52.46362025  009.69234438 101
112  52.46361060  009.69256485  52.46358067  009.69266909 101
115  52.46350759  009.69271666
120 Linear Feature 10
111  52.46350759  009.69271666 101
112  52.46365002  009.69271788  52.46371375  009.69276625 101
115  52.46373860  009.69285120
120 Linear Feature 9
112  52.46297699  009.69301883  52.46293675  009.69304294 101
116  52.46291528  009.69321206  52.46293196  009.69332117
120 Linear Feature 6
112  52.46455996  009.68965332  52.46461245  009.68965703 101
112  52.46466200  009.68950275  52.46466599  009.68940349 101
115  52.46467056  009.68917922
120 Linear Feature 13
111  52.46339909  009.69513093 101
112  52.46333610  009.69522552  52.46331920  009.69529752 101
115  52.46333501  009.69534022
120 CL Strip
112  52.46455996  009.68965332  52.46461030  009.68965635 101
112  52.46465252  009.68980975  52.46465021  009.68990352 101
115  52.46464109  009.69025078
120 Twy Parking
111  52.46291528  009.69321206 101
111  52.46310614  009.69417986 101
111  52.46330508  009.69518977 101
115  52.46338297  009.69557662
120 Twy Parking
111  52.46350759  009.69271666 101
111  52.46328380  009.69286044 101
112  52.46297699  009.69301883  52.46291228  009.69305626 101
112  52.46285563  009.69281250  52.46283813  009.69270105
111  52.46285563  009.69281250
112  52.46285563  009.69281250  52.46285444  009.69280505 101
116  52.46275791  009.69231877  52.46275730  009.69231423
120 CL Stripe T2
112  52.46306374  009.68953678  52.46300029  009.68955229 101
116  52.46298728  009.68971714  52.46299839  009.68978598
120 CL Stripe
112  52.46306374  009.68953678  52.46298520  009.68953049 101
116  52.46290481  009.68937484  52.46288487  009.68929404
120 CL Stripe T2
111  52.46455996  009.68965332 101
115  52.46306374  009.68953678
120 CL stripe
112  52.45842008  009.69090952  52.45844679  009.69097070 101
112  52.45864796  009.69114206  52.45873564  009.69115863
111  52.45864796  009.69114206
112  52.45864796  009.69114206  52.45872594  009.69115680 101
116  52.45889141  009.69106117  52.45892645  009.69101853
120 CL stripe
112  52.45837214  009.69170453  52.45844478  009.69162011 101
116  52.45900800  009.69151407  52.45935172  009.69175847
120 CL stripe
112  52.45942114  009.69040481  52.45934075  009.69050263 101
112  52.45909336  009.69099003  52.45902065  009.69132966
111  52.45909336  009.69099003
112  52.45909336  009.69099003  52.45904778  009.69122544 101
116  52.45927011  009.69174361  52.45941557  009.69188821
120 CL stripe
112  52.46019688  009.68944323  52.46013300  009.68952063 101
112  52.45960540  009.68944955  52.45932485  009.68915730 101
116  52.45899831  009.68948984  52.45890030  009.68960861
120 CL stripe
112  52.45977521  009.68852245  52.45955843  009.68877578 101
112  52.45960540  009.68944955  52.45964257  009.68967579 101
116  52.45945865  009.69035843  52.45927697  009.69060406
120 CL stripe
112  52.45790588  009.68980021  52.45767375  009.68927221
111  52.45790588  009.68980021
112  52.45790588  009.68980021  52.45810841  009.69018880 101
112  52.45861134  009.68996771  52.45878233  009.68976870
111  52.45861134  009.68996771
112  52.45861134  009.68996771  52.45825884  009.69032104 101
112  52.45841909  009.69090856  52.45848395  009.69106530
111  52.45841909  009.69090856
112  52.45841909  009.69090856  52.45824328  009.69054748 101
112  52.45786907  009.69088721  52.45773971  009.69106733
111  52.45786907  009.69088721
114  52.45786907  009.69088721  52.45799002  009.69072203 101
120 CL stripe
112  52.45841909  009.69090856  52.45843746  009.69095203 101
112  52.45849624  009.69129294  52.45848964  009.69146393 101
116  52.45837214  009.69170453  52.45832919  009.69175605
120 CL Stripe
111  52.46034104  009.68926279 101
111  52.46019688  009.68944323 101
111  52.45942114  009.69040481 101
111  52.45821611  009.69189720
112  52.45821611  009.69189720  52.45778807  009.69247921 101
112  52.45759970  009.69305629  52.45758001  009.69355499
111  52.45759970  009.69305629 101
111  52.45757264  009.69402641
112  52.45757264  009.69402641  52.45756671  009.69457762 101
112  52.45722522  009.69480201  52.45704730  009.69499542
111  52.45722522  009.69480201
112  52.45722522  009.69480201  52.45676938  009.69511440 101
112  52.45678488  009.69583513  52.45677355  009.69629263
111  52.45678488  009.69583513 101
111  52.45673400  009.69774479 101
111  52.45669959  009.69893886 101
111  52.45662659  009.70160220 101
111  52.45658749  009.70301720 101
111  52.45650365  009.70594147
112  52.45650365  009.70594147  52.45648778  009.70644360 101
116  52.45604839  009.70675943  52.45586567  009.70679914
120 CL stripe
112  52.45713242  009.69149328  52.45747033  009.69154299 101
116  52.45821611  009.69189720  52.45867155  009.69141536
120 CL stripe
112  52.45713242  009.69149328  52.45735182  009.69152285 101
116  52.45761729  009.69239377  52.45761153  009.69293465
120 CL stripe
112  52.45786907  009.69088721  52.45777758  009.69101242 101
112  52.45763954  009.69155792  52.45762110  009.69192001
111  52.45763954  009.69155792 101
111  52.45760932  009.69268823 101
115  52.45759970  009.69305629
120 CL stripe D1
111  52.45971651  009.69213404 101
112  52.45927011  009.69174361  52.45898654  009.69149226
111  52.45927011  009.69174361
112  52.45927011  009.69174361  52.45898499  009.69149089 101
111  52.45872518  009.69126963
112  52.45872518  009.69126963  52.45857090  009.69115168 101
112  52.45841909  009.69090856  52.45831330  009.69072525
111  52.45841909  009.69090856 101
111  52.45790588  009.68980021
112  52.45790588  009.68980021  52.45778590  009.68952067 101
112  52.45778530  009.68877196  52.45781378  009.68810428
111  52.45778530  009.68877196 101
111  52.45791587  009.68413367
112  52.45791587  009.68413367  52.45790697  009.68344501 101
116  52.45717245  009.68291648  52.45669465  009.68254108
120 CL Stripe
111  52.46012637  009.68808140 101
111  52.45969093  009.68862812 101
111  52.45899831  009.68948984 101
111  52.45821346  009.69046194 101
111  52.45780857  009.69096187
112  52.45780857  009.69096187  52.45748185  009.69138571 101
112  52.45713242  009.69149328  52.45687782  009.69145588
111  52.45713242  009.69149328 101
115  52.45682336  009.69146836
120 CL Stripe
112  52.45541722  009.70673158  52.45566608  009.70673869 101
112  52.45581185  009.70613079  52.45582881  009.70588044
111  52.45581185  009.70613079
112  52.45581185  009.70613079  52.45579799  009.70660557 101
116  52.45604839  009.70675943  52.45623707  009.70681031
120 CL Stripe
112  52.45577702  009.70734871  52.45579462  009.70708230 101
116  52.45604839  009.70675943  52.45622762  009.70663703
120 CL Stripe A
112  52.45494484  009.67857543  52.45496574  009.67783290 101
112  52.45520386  009.67736426  52.45536011  009.67711535 101
112  52.45572740  009.67699901  52.45589558  009.67700062 101
111  52.45602744  009.67706839
112  52.45602744  009.67706839  52.45644629  009.67736291 101
112  52.45658379  009.67843081  52.45656757  009.67900525
111  52.45658379  009.67843081 101
111  52.45656058  009.67927473 101
111  52.45653314  009.68024796 101
111  52.45650762  009.68116451 101
111  52.45648477  009.68197197 101
111  52.45644661  009.68329352 101
111  52.45639594  009.68505901 101
111  52.45636927  009.68605840 101
111  52.45634293  009.68704158 101
111  52.45631458  009.68803157 101
111  52.45628907  009.68896298 101
111  52.45626035  009.68993097 101
111  52.45623642  009.69084487 101
111  52.45620383  009.69202510 101
111  52.45617883  009.69291156 101
111  52.45604993  009.69759597 101
111  52.45601296  009.69892047 101
111  52.45596478  009.70060544 101
111  52.45593934  009.70159788 101
111  52.45591324  009.70255751 101
111  52.45588514  009.70354121 101
111  52.45585710  009.70450296 101
111  52.45583059  009.70547159 101
111  52.45580485  009.70637626 101
111  52.45577702  009.70734871 101
111  52.45574994  009.70839295 101
111  52.45571291  009.70966909
112  52.45571291  009.70966909  52.45569787  009.71050535 101
112  52.45486774  009.71105131  52.45437759  009.71105228
111  52.45486774  009.71105131 101
111  52.45475458  009.71104132
112  52.45475458  009.71104132  52.45458487  009.71098787 101
112  52.45432197  009.71067145  52.45419557  009.71049497
111  52.45432197  009.71067145
112  52.45432197  009.71067145  52.45420370  009.71047448 101
116  52.45408201  009.70971337  52.45407546  009.70922645
120 CL stripe D
112  52.45648477  009.68197197  52.45651202  009.68151009
111  52.45648477  009.68197197
112  52.45648477  009.68197197  52.45649174  009.68224360 101
112  52.45684421  009.68265656  52.45708793  009.68281337
111  52.45684421  009.68265656
112  52.45684421  009.68265656  52.45660258  009.68272565 101
112  52.45644661  009.68329352  52.45643323  009.68349593
111  52.45644661  009.68329352
112  52.45644661  009.68329352  52.45644016  009.68299986 101
112  52.45608560  009.68259417  52.45581723  009.68252924
111  52.45608560  009.68259417
114  52.45608560  009.68259417  52.45622154  009.68258331 101
120 CL Stripe D
111  52.45479403  009.68404620 101
111  52.45481825  009.68315469
112  52.45481825  009.68315469  52.45483145  009.68284446 101
116  52.45520740  009.68253259  52.45544690  009.68251978
120 CL Stripe D
111  52.45487977  009.68096882 101
111  52.45485616  009.68182873
112  52.45485616  009.68182873  52.45485244  009.68217480 101
112  52.45520914  009.68252825  52.45543222  009.68255159
111  52.45520914  009.68252825 101
111  52.45608560  009.68259417 101
111  52.45647165  009.68262497 101
112  52.45690985  009.68269448  52.45700933  009.68276496 101
115  52.45715465  009.68290155
120 CL Stripe B
111  52.45412326  009.70818119 101
111  52.45414883  009.70727916
112  52.45414883  009.70727916  52.45415741  009.70696534 101
116  52.45456190  009.70666641  52.45480482  009.70666211
120 CL Stripe B
111  52.45421050  009.70509476 101
111  52.45418455  009.70599048
112  52.45418455  009.70599048  52.45417528  009.70630810 101
112  52.45456190  009.70666641  52.45479914  009.70668197
111  52.45456190  009.70666641 101
111  52.45499253  009.70669900 101
111  52.45541722  009.70673158 101
115  52.45600312  009.70677332
120 CL stripe C
112  52.45623642  009.69084487  52.45625506  009.69056518
111  52.45623642  009.69084487
112  52.45623642  009.69084487  52.45624337  009.69111649 101
112  52.45659469  009.69145122  52.45682889  009.69151149
111  52.45659469  009.69145122
112  52.45659469  009.69145122  52.45634947  009.69145203 101
112  52.45620383  009.69202510  52.45619906  009.69224587
111  52.45620383  009.69202510
112  52.45620383  009.69202510  52.45619479  009.69180630 101
112  52.45583143  009.69139494  52.45556916  009.69134225
111  52.45583143  009.69139494
114  52.45583143  009.69139494  52.45603641  009.69139741 101
120 CL Stripe C
111  52.45455017  009.69284330 101
111  52.45457621  009.69192805
112  52.45457621  009.69192805  52.45458817  009.69161617 101
116  52.45497210  009.69133175  52.45518788  009.69130931
120 CL Stripe C
111  52.45463611  009.68975921 101
111  52.45461160  009.69068401
112  52.45461160  009.69068401  52.45460446  009.69099394 101
112  52.45497210  009.69133175  52.45516921  009.69134877
111  52.45497210  009.69133175 101
111  52.45541954  009.69136444 101
111  52.45583143  009.69139494 101
111  52.45659469  009.69145122 101
115  52.45682336  009.69146836
120 CL stripe A2
111  52.45637849  009.69829470 101
115  52.45770227  009.69840588
120 CL stripe A2
112  52.45669959  009.69893886  52.45671201  009.69865470 101
112  52.45637849  009.69829470  52.45624496  009.69827375 101
116  52.45601296  009.69892047  52.45598318  009.69924015
120 CL stripe A2
112  52.45604993  009.69759597  52.45604091  009.69787042 101
112  52.45637849  009.69829470  52.45652829  009.69829748 101
116  52.45673600  009.69767367  52.45675997  009.69736674
120 CL Stripe G
112  52.46519222  009.68187104  52.46517253  009.68239774 101
116  52.46453077  009.68398740  52.46408496  009.68456606
120 CL Stripe G
112  52.46521674  009.68102851  52.46519291  009.68153195 101
112  52.46491477  009.68205548  52.46475156  009.68229270
111  52.46491477  009.68205548 101
115  52.46473736  009.68227991
120 Cl Stripe G
112  52.46819129  009.65418079  52.46820772  009.65343261 101
112  52.46743326  009.65279516  52.46713642  009.65275744
111  52.46743326  009.65279516 101
111  52.46685260  009.65275630
112  52.46685260  009.65275630  52.46639290  009.65276218 101
112  52.46595100  009.65427528  52.46592895  009.65526453
111  52.46595100  009.65427528 101
111  52.46592702  009.65514885 101
111  52.46590305  009.65602243 101
111  52.46587907  009.65689600 101
111  52.46585510  009.65776957 101
111  52.46573802  009.66203546 101
111  52.46557700  009.66800650 101
111  52.46521674  009.68102851 101
111  52.46520867  009.68133175
112  52.46520867  009.68133175  52.46519984  009.68168683 101
116  52.46519222  009.68187104  52.46519083  009.68190356
120 CL Stripe M
112  52.46512324  009.69865253  52.46530507  009.69945545 101
112  52.46544171  009.70050243  52.46546113  009.70067858
111  52.46544171  009.70050243 101
111  52.46577923  009.70319745
112  52.46577923  009.70319745  52.46583301  009.70359657 101
112  52.46621852  009.70393255  52.46644610  009.70399162
111  52.46621852  009.70393255 101
115  52.46662987  009.70397265
120 CL stripeM/N
112  52.46255609  009.68646919  52.46239603  009.68677461 101
116  52.46240942  009.68732772  52.46243415  009.68758046
120 CL Stripe M / N
112  52.46173096  009.68750940  52.46192310  009.68729171 101
112  52.46253859  009.68785855  52.46272002  009.68851404
111  52.46253859  009.68785855 101
111  52.46279809  009.68893820 101
111  52.46298728  009.68971714 101
111  52.46332425  009.69112025 101
111  52.46362025  009.69234438 101
111  52.46373860  009.69285120 101
111  52.46401415  009.69400516 101
111  52.46412048  009.69444900 101
111  52.46423999  009.69495099 101
111  52.46446172  009.69588082 101
111  52.46466826  009.69674844 101
111  52.46512324  009.69865253
112  52.46512324  009.69865253  52.46525371  009.69907489 101
112  52.46592075  009.69949324  52.46636899  009.69955438
111  52.46592075  009.69949324 101
111  52.46628683  009.69951559
112  52.46628683  009.69951559  52.46655603  009.69953822 101
112  52.46697098  009.69845647  52.46699183  009.69771242
111  52.46697098  009.69845647 101
115  52.46700551  009.69722681
120 CL Stripe L
111  52.46754484  009.67763906 101
111  52.46751405  009.67879796
112  52.46751405  009.67879796  52.46749729  009.67965113 101
112  52.46715147  009.68056072  52.46699638  009.68088036
111  52.46715147  009.68056072 101
112  52.46694118  009.68094051  52.46683478  009.68108433
111  52.46694118  009.68094051 101
115  52.46676715  009.68117333
120 CL Stripe L
111  52.46034104  009.68926279 101
111  52.46149769  009.68780123 101
111  52.46173096  009.68750940 101
111  52.46265025  009.68635149 101
111  52.46443748  009.68410196 101
111  52.46472234  009.68374539 101
111  52.46567078  009.68255329 101
111  52.46676715  009.68117333
112  52.46676715  009.68117333  52.46708422  009.68083944 101
112  52.46743248  009.68181151  52.46741502  009.68237501
111  52.46743248  009.68181151 101
115  52.46740917  009.68267891
120 CL Stripe F
111  52.46012637  009.68808140 101
111  52.46473736  009.68227991
112  52.46473736  009.68227991  52.46511571  009.68182906 101
116  52.46517794  009.68317389  52.46488756  009.68350262
120 CL Stripe K
112  52.46625426  009.66666138  52.46663763  009.66675694 101
112  52.46688686  009.66781066  52.46700572  009.66859169
111  52.46688686  009.66781066 101
111  52.46750051  009.67145335
112  52.46750051  009.67145335  52.46758968  009.67200814 101
112  52.46764660  009.67396237  52.46762976  009.67514124
111  52.46764660  009.67396237 101
115  52.46761719  009.67520721
120 CL Stripe K
112  52.46558950  009.66755580  52.46565286  009.66699298 101
112  52.46625426  009.66666138  52.46661864  009.66664553
111  52.46625426  009.66666138 101
111  52.46746837  009.66675496
112  52.46746837  009.66675496  52.46770085  009.66679709 101
112  52.46782660  009.66746774  52.46781720  009.66784929
111  52.46782660  009.66746774 101
115  52.46780139  009.66839559
120 CL Stripe J
112  52.46575361  009.66150463  52.46579399  009.66085890 101
112  52.46661871  009.66010931  52.46718621  009.66004675
111  52.46661871  009.66010931 101
111  52.46712353  009.66014671
112  52.46712353  009.66014671  52.46767282  009.66023491 101
112  52.46798674  009.66162426  52.46796841  009.66225976
111  52.46798674  009.66162426 101
115  52.46796053  009.66254098
120 CL Stripe G
111  52.46816170  009.64842904 101
111  52.46778756  009.64840305
112  52.46778756  009.64840305  52.46752968  009.64841839 101
112  52.46731176  009.64890366  52.46723917  009.64914297
111  52.46731176  009.64890366 101
111  52.46611751  009.65327213
112  52.46611751  009.65327213  52.46603460  009.65358086 101
116  52.46595100  009.65427528  52.46593947  009.65471849
120 CL Strip F/L
112  52.46161227  009.68621189  52.46176619  009.68606942 101
112  52.46207198  009.68635369  52.46220478  009.68659936 101
116  52.46202365  009.68713773  52.46190692  009.68729097
120 CL Strip F/L
112  52.46255609  009.68646919  52.46233257  009.68667692 101
112  52.46207198  009.68635369  52.46196990  009.68615652 101
116  52.46209677  009.68560234  52.46222865  009.68534378
120 Linear Feature 35
112  52.46556865  009.68268276  52.46538414  009.68284613 101
112  52.46507859  009.68268351  52.46491421  009.68256872 101
116  52.46445806  009.68263134  52.46426370  009.68287581
120 CL Stripe M
111  52.46253859  009.68785855 101
112  52.46228010  009.68681503  52.46222282  009.68665672 101
115  52.46207198  009.68635369
21  52.46856840  009.65754028 2 92.6 3.00 09L PAPI-4L
21  52.45527483  009.68299676 2 92.6 3.00 09R PAPI-4L
21  52.45370907  009.70632045 2 272.6 3.00 27L PAPI-4L
21  52.46661570  009.69520559 2 272.6 2.90 27R PAPI-4L
20  52.45550659  009.70823576 262.9 0 3 {@L}A{@Y}A1{^r}
20  52.45541740  009.70620175 350.4 0 3 {@Y,^l}A{@L}B{@Y}A1{^u}
20  52.45627358  009.70490008 104.7 0 3 {@Y,^l}A{@L}A1{@Y}B{^u}|A{^r}
20  52.45608773  009.70525324 76.0 0 3 {@Y,^l}A1{@L}A{@Y}B{^r}
20  52.45623180  009.69991619 288.9 0 3 {@L}A{@Y}A2{^r}
20  52.45636060  009.69901562 168.1 0 3 {@Y,^l}A{^r,@L}A2
20  52.45641620  009.69988801 260.9 0 3 {@Y,^l}A2{@L}A1
20  52.45649558  009.69667455 101.7 0 3 {@L}A1{@Y}A2{^r}
20  52.45632574  009.69666690 81.1 0 3 {@Y,^l}A2{@L}A
20  52.45579555  009.67747399 169.5 0 3 {@L}E{@R}09R{@@,@L}E
20  52.45677122  009.68116735 82.4 0 3 {@Y,^l}D1{@L}E{@Y}A{^u}|D{^r}
20  52.45693292  009.68357317 174.1 0 3 {@Y,^l}A{@L}D1{@Y}D{^u}|E{^r}
20  52.45608712  009.68206779 351.6 0 3 {@Y,^l}E{@L}D{@Y}D1{^u}|A{^r}
20  52.45544015  009.68298074 349.7 0 3 {@L}D
20  52.45563656  009.68298555 172.0 0 3 {@L}D{@R}09R
20  52.45538435  009.69178779 170.8 0 3 {@R,^l}09R{@L}C{@R}27L{^r}
20  52.45496512  009.70712200 171.0 0 3 {@L}B{@R}27L
20  52.45485317  009.71146051 167.4 0 3 {@L}A{@R}27L
20  52.45581644  009.67659325 195.6 0 3 {@R}09R{@L}E{@@}E
20  52.45566091  009.68214134 192.1 0 3 {@R}09R{@L}D
20  52.45662960  009.69199361 167.2 0 3 {@Y,^l}A{^r,@L}C
20  52.45665274  009.69092326 353.0 0 3 {@Y,^l}F1{@L}C{@Y}L1{^ru}|A1{^r}
20  52.45651734  009.68984904 79.1 0 3 {@Y,^l}C{^r,@L}A
20  52.45593737  009.69289961 258.8 0 3 {@Y,^l}C{^r,@L}A
20  52.45577952  009.69092242 341.0 0 3 {@Y,^l}A{^r,@L}C
20  52.45511211  009.69174873 351.6 0 3 {@L}C
20  52.45512899  009.69094644 11.8 0 3 {@L}C
20  52.45540774  009.69094807 193.5 0 3 {@R,^l}09R{@L}C{@R}27L{^r}
20  52.45499041  009.70627373 192.3 0 3 {@R}27L{@L}B
20  52.45486384  009.71059776 202.3 0 3 {@R}27L{@L}A
20  52.46422442  009.68239063 304.0 0 3 {@Y,^l}G{@L}F{@Y}L{^r}
20  52.46229786  009.68829711 236.5 0 3 {@L}M{@Y,^l}L{^r}
20  52.46143014  009.68708227 332.6 0 3 {@L}F{@Y}M{^r}
20  52.46274006  009.68537788 135.2 0 3 {@Y,^l}M{@L}F
20  52.46547336  009.68071166 82.5 0 3 {@L}G{@Y,^u}L|{^ru}F
20  52.46243742  009.68589714 253.7 0 3 {@Y,^l}F{^r,@L}M
20  52.46170635  009.68681227 218.8 0 3 {@L}M{@Y,^l}F{^r}
20  52.46132112  009.68746174 310.9 0 3 {@L}L{@Y,^l}M{^r}
20  52.46167096  009.68816680 341.5 0 3 {@Y,^l}M{^r,@L}L
20  52.46584090  009.68181658 159.8 0 3 {@L}L{@Y}F{^ru}|G{^r}
20  52.46458548  009.69753016 237.3 0 3 {@Y,^l}GA3_{^l}Q{@L}M
20  52.46399454  009.69508518 233.8 0 3 {@Y,^l}GA1_{^l}P
20  52.46349963  009.69299324 232.2 0 3 {@Y,^l}GA1_{^l}O
20  52.46438680  009.69669615 78.3 0 3 {@L}M{@Y}Q{^r}_GA3{^r}
20  52.46388463  009.69462684 78.3 0 3 {@Y}P{^r}_GA1{^r}
20  52.46339298  009.69252463 84.6 0 3 {@Y}O{^r}_GA1{^r}
20  52.46466465  009.69785583 85.4 0 3 {@R}27R|CAT{r2}/{r3}
20  52.46513773  009.69756320 55.0 0 3 {@R}27R|CAT{r2}/{r3}
20  52.46545477  009.68219356 314.6 0 3 {@R}09L*27R|CAT{r2}/{r3}
20  52.46579206  009.68293216 338.5 0 3 {@R}09L*27R|CAT{r2}/{r3}
20  52.46635430  009.66073800 340.5 0 3 {@R}09L*27R|CAT{r2}/{r3}
20  52.46570931  009.65412715 264.2 0 3 {@R}09L|CAT{r2}/{r3}
20  52.46625402  009.65417949 289.4 0 3 {@R}09L|CAT{r2}/{r3}
20  52.46608391  009.65993628 318.2 0 3 {@R}09L*27R|CAT{r2}/{r3}
20  52.46598450  009.66620702 331.8 0 3 {@R}09L*27R|CAT{r2}/{r3}
20  52.46616274  009.66719359 354.5 0 3 {@R}09L*27R|CAT{r2}/{r3}
20  52.46558582  009.67702674 74.5 0 3 {@L}G{@R}09C
20  52.46506678  009.67698571 111.6 0 3 {@R}09C{@L}G
20  52.46365645  009.68313677 307.4 0 3 {@L}F{@R}09C
20  52.46394841  009.68375618 343.8 0 3 {@R}09C{@L}F
20  52.46394586  009.68422784 305.8 0 3 {@L}L{@R}09C
20  52.46423339  009.68485161 347.0 0 3 {@R}09C{@L}L
20  52.46550849  009.68216497 160.3 0 3 {@R}09C{@L}L
20  52.46583356  009.68284919 131.3 0 3 {@L}L{@R}09C
20  52.46478765  009.69831693 228.1 0 3 {@L}M{@R}27C
20  52.46523690  009.69803364 266.1 0 3 {@R}27C{@L}M
20  52.46381875  009.69425804 84.2 0 3 {@R}27C{@L}M
20  52.46380422  009.69518192 357.9 0 2 {@L}P{@R}27C
20  52.46371090  009.69470409 319.1 0 2 {@L}P{@R}27C
20  52.46426627  009.69396642 51.4 0 3 {@L}M{@R}27C
20  52.46607333  009.69989906 10.8 0 3 {@R}27R{@L}N
20  52.46609678  009.69907318 173.3 0 3 {@L}N{@Y}M{^r,@@,@L}N{@R}27R
20  52.46524194  009.69800672 61.8 0 3 {@Y,^l}27R|{^l}N{@L}M
20  52.46312332  009.68900601 51.9 0 3 {@L}M{@Y,^l}T2
20  52.46333905  009.69004234 259.2 0 3 {@Y}T2{^r,@L}M
20  52.46343734  009.68984719 169.1 0 2 {@Y,^l}M{^r,@L}T2
20  52.46434635  009.69680138 326.4 0 2 {@Y,^l}M{^r,@L}Q
14  52.46115373  009.68165872 230 0 Hannover
1300  52.45953059  009.69334927 98.3 gate jets 1
1301 C airline 
1300  52.45916856  009.69309296 93.3 gate jets 2
1301 C airline 
1300  52.45878381  009.69290070 93.4 gate jets 3
1301 C airline 
1300  52.45850993  009.69333640 47.5 gate heavy|jets 4
1301 D airline 
1300  52.45852788  009.69458469 41.0 gate heavy 5A
1301 E airline 
1300  52.45814994  009.69559044 52.0 gate heavy|jets 7
1301 D airline 
1300  52.45779065  009.69599809 52.4 gate jets 8
1301 C airline 
1300  52.45753116  009.69646426 27.3 gate jets 9
1301 C airline 
1300  52.45773832  009.69731689 354.5 gate heavy 10
1301 E airline 
1300  52.45817780  009.69783245 329.8 gate jets 12
1301 C airline 
1300  52.45812570  009.69909273 51.3 gate jets 13
1301 C airline 
1300  52.45782367  009.69952127 51.4 gate jets 14
1301 C airline 
1300  52.45751035  009.69977425 31.9 gate jets 15
1301 C airline 
1300  52.45744013  009.70021711 354.6 gate jets 16
1301 C airline 
1300  52.45747365  009.70081552 337.3 gate jets 17
1301 C airline 
1300  52.45771545  009.70110682 307.2 gate jets 18
1301 C airline 
1300  52.45840294  009.70174367 337.8 gate heavy 19A
1301 E airline 
1300  52.45993150  009.69354773 93.4 gate jets 26
1301 C airline 
1300  52.46025615  009.69111076 52.6 gate jets|turboprops 28
1301 C cargo 
1300  52.45993389  009.69150884 52.6 gate jets|turboprops 27
1301 C cargo 
1300  52.45682901  009.69334615 182.3 gate jets|turboprops 41
1301 C airline 
1300  52.45684868  009.69264166 182.3 gate jets|turboprops 42
1301 C airline 
1300  52.45701519  009.68892786 182.0 gate jets|turboprops 45
1301 C cargo 
1300  52.45703413  009.68829175 182.0 gate jets|turboprops 46
1301 C cargo 
1300  52.45705233  009.68766086 182.0 gate jets|turboprops 47
1301 C cargo 
1300  52.45707062  009.68701328 182.6 gate jets|turboprops 48
1301 C cargo 
1300  52.45708991  009.68632202 182.0 gate jets|turboprops 49
1301 C cargo 
1300  52.45710905  009.68563166 182.0 gate jets|turboprops 50
1301 C cargo 
1300  52.45712843  009.68494161 182.0 gate jets|turboprops 51
1301 C cargo 
1300  52.45714790  009.68424992 182.0 gate jets|turboprops 52
1301 C cargo 
1300  52.45884250  009.68327309 2.2 gate jets|turboprops 53
1301 C cargo 
1300  52.45881650  009.68404310 2.2 gate jets|turboprops 54
1301 C cargo 
1300  52.45879744  009.68481601 2.0 gate jets|turboprops 55
1301 C cargo 
1300  52.45877556  009.68558980 2.6 gate jets|turboprops 56
1301 C cargo 
1300  52.45875317  009.68636076 2.0 gate jets|turboprops 57
1301 C cargo 
1300  52.45876954  009.68738669 2.6 gate heavy 58A
1301 E cargo 
1300  52.45874120  009.68848777 2.0 gate heavy 60A
1301 E cargo 
1300  52.45912458  009.68705345 232.1 gate heavy 61
1301 E cargo 
1300  52.46372812  009.69039290 272.2 tie_down props GA04
1301 A general_aviation 
1300  52.46361075  009.68801710 272.2 tie_down props GA14
1301 A general_aviation 
1300  52.46359525  009.68861758 272.2 tie_down props GA09
1301 A general_aviation 
1300  52.46390618  009.69040682 272.2 tie_down props GA03
1301 A general_aviation 
1300  52.46378966  009.68802561 272.2 tie_down props GA13
1301 A general_aviation 
1300  52.46377426  009.68863781 272.2 tie_down props GA08
1301 A general_aviation 
1300  52.46408143  009.69041805 272.2 tie_down props GA02
1301 A general_aviation 
1300  52.46396993  009.68803853 272.2 tie_down props GA12
1301 A general_aviation 
1300  52.46395384  009.68865337 272.2 tie_down props GA07
1301 A general_aviation 
1300  52.46432627  009.68807538 272.2 tie_down props GA10
1301 A general_aviation 
1300  52.46431073  009.68867064 272.2 tie_down props GA05
1301 A general_aviation 
1300  52.46426247  009.69043114 272.2 tie_down props GA01
1301 A general_aviation 
1300  52.46414815  009.68805418 272.2 tie_down props GA11
1301 A general_aviation 
1300  52.46413092  009.68865440 272.2 tie_down props GA06
1301 A general_aviation 
1300  52.46450852  009.69891423 84.4 gate jets|turboprops 81
1301 B general_aviation 
1300  52.46426643  009.69896190 84.2 gate jets|turboprops 80
1301 B general_aviation 
1300  52.46321806  009.69378579 72.5 tie_down props 76
1301 A general_aviation 
1300  52.46337996  009.69369633 72.5 tie_down props 77
1301 A general_aviation 
1300  52.46328767  009.69322778 72.5 tie_down props 75
1301 A general_aviation 
1300  52.46312428  009.69331842 72.5 tie_down props 74
1301 A general_aviation 
1300  52.46302646  009.69268929 123.1 tie_down jets|turboprops 73
1301 B general_aviation 
1300  52.46291429  009.69220261 130.8 tie_down jets|turboprops 72
1301 B general_aviation 
1300  52.45733854  009.70499231 2.9 gate jets|turboprops 23
1301 C airline 
1300  52.45725643  009.70356012 333.4 gate jets|turboprops 22
1301 C cargo 
1300  52.45739805  009.70309643 2.6 gate jets|turboprops 21
1301 C cargo 
19  52.45499513  009.70901839 1 New Windsock 4
19  52.45582530  009.67904374 1 New Windsock 3
19  52.46681600  009.65406238 1 New Windsock 2
19  52.46560245  009.69815860 1 New Windsock 1
19  52.46344947  009.68715251 0 Windsock
1050 136575 Hannover ATIS
1053 121950 Hannover Ground
1054 120175 Hannover Tower
1055 131325 Bremen Radar
1056 131325 Bremen Radar
1000 West Flow
1001 EDDV 180 359 99
1002 EDDV 0
1003 EDDV 0.0
1101 27R right
1110 27R 131325 arrivals|departures heavy|jets|fighters 000000 000000 Arr,Dep Rwy 27R
1110 27C 131325 arrivals|departures props|helos 000000 000000 Arr,Dep Rwy 27C
1110 27L 131325 arrivals|departures turboprops 000000 000000 Arr,Dep Rwy 27L
1000 East Flow
1001 EDDV 000 179 99
1002 EDDV 0
1003 EDDV 0.0
1101 09L left
1110 09L 131325 arrivals|departures heavy|jets|fighters 000000 000000 Arr,Dep Rwy 09L
1110 09C 131325 arrivals|departures props|helos 000000 000000 Arr,Dep Rwy 09C
1110 09R 131325 arrivals|departures turboprops 000000 000000 Arr,Dep Rwy 09R
1200 
1201  52.46317984  009.68336463 both 0 _stop
1201  52.46308407  009.68314551 both 1 _start
1201  52.46432625  009.69721901 both 2 _stop
1201  52.46422428  009.69732899 both 3 _stop
1201  52.46426465  009.69802428 both 4 _start
1201  52.46373489  009.69017505 both 5 _start
1201  52.46452987  009.68728764 both 6 _stop
1201  52.46360144  009.68839842 both 7 _start
1201  52.46438361  009.69258349 both 8 _stop
1201  52.46451200  009.68787484 both 9 _stop
1201  52.46449755  009.68846482 both 10 _stop(split)
1201  52.46446593  009.68964496 both 11 _stop(split)(split)
1201  52.46444912  009.69022890 both 12 _stop(split)(split)
1201  52.46361655  009.68780728 both 13 _start
1201  52.45759492  009.69839551 both 14 _start
1201  52.45727509  009.70235314 both 15 _stop
1201  52.45746351  009.70236663 both 16 _stop
1201  52.45788765  009.70209247 both 17 _stop
1201  52.45499253  009.70669900 both 18 B_stop
1201  52.45541954  009.69136444 both 19 C_stop
1201  52.45768381  009.69121455 both 20 F_stop
1201  52.45763954  009.69155792 both 21 F_stop(split)
1201  52.46379037  009.68346644 both 22 F_stop
1201  52.46342718  009.68392660 both 23 F_stop(split)
1201  52.46018728  009.68800490 both 24 F_stop(split)(split)
1201  52.46186477  009.68589215 both 25 F_stop(split)(split)
1201  52.46677812  009.66722970 both 26 K to_stop
1201  52.46688686  009.66781066 both 27 K to_stop
1201  52.46738395  009.67075276 both 28 K to_stop
1201  52.46572453  009.66687626 both 29 K_stop
1201  52.46591681  009.66672928 both 30 K_stop
1201  52.46618120  009.66665597 both 31 K_stop
1201  52.46700818  009.66671715 both 32 K_stop
1201  52.46644322  009.66667784 both 33 K_stop(split)
1201  52.46739535  009.66674868 both 34 K_stop
1201  52.46482236  009.68418740 both 35 _start(split)
1201  52.46473483  009.68730585 both 36 _start(split)
1201  52.46458319  009.69259317 both 37 _start(split)
1201  52.46451565  009.69491736 both 38 _start(split)(split)
1201  52.46228010  009.68681503 both 39 M_stop
1201  52.46258437  009.68806268 both 40 M_stop
1201  52.46368078  009.69260472 both 41 M_stop
1201  52.46293906  009.68952576 both 42 M_stop(split)
1201  52.46463210  009.69659805 both 43 M_stop
1201  52.46426522  009.69506165 both 44 M_stop(split)
1201  52.46418119  009.69470557 both 45 M_stop(split)
1201  52.46512324  009.69865253 both 46 M_stop
1201  52.46490134  009.69771878 both 47 M_stop(split)
1201  52.46471793  009.69696162 both 48 M_stop(split)
1201  52.46537498  009.69919508 both 49 M_stop
1201  52.46522675  009.69894009 both 50 M_stop
1201  52.46567231  009.69943839 both 51 M_stop
1201  52.46653433  009.68146844 both 52 L_stop
1201  52.46694118  009.68094051 both 53 L_stop
1201  52.46602115  009.66052588 both 54 J_stop
1201  52.46620740  009.66030459 both 55 J_stop
1201  52.46644063  009.66014106 both 56 J_stop
1201  52.46708902  009.66014217 both 57 J_stop
1201  52.46675245  009.66011347 both 58 J_stop
1201  52.46739817  009.65279233 both 59 H_stop
1201  52.46824423  009.65283469 both 60 09L/27R_start(split)
1201  52.46804280  009.66021263 both 61 09L/27R_start(split)
1201  52.46785983  009.66678361 both 62 09L/27R_start(split)(split)
1201  52.46769543  009.67271981 both 63 09L/27R_start(split)(split)(split)
1201  52.46748745  009.68023682 both 64 09L/27R_start(split)
1201  52.46695076  009.69956105 both 65 09L/27R_start(split)(split)
1201  52.45496510  009.67751187 both 66 A_stop
1201  52.45482666  009.68248794 both 67 A_stop(split)
1201  52.45458139  009.69130493 both 68 A_stop(split)(split)
1201  52.45415368  009.70662968 both 69 A_stop(split)(split)(split)
1201  52.45534621  009.67710163 both 70 A_stop
1201  52.45405256  009.71040090 both 71 A_stop
1201  52.45439625  009.71101671 both 72 A_stop
1201  52.45486774  009.71105131 both 73 A_stop
1201  52.45509338  009.71103753 both 74 A_stop
1201  52.45534135  009.71085715 both 75 A_stop
1201  52.45557513  009.71051265 both 76 A_stop
1201  52.45566519  009.68256237 both 77 D_stop
1201  52.45570031  009.71002305 both 78 A_stop
1201  52.45658897  009.67821966 both 79 A_stop
1201  52.45652949  009.67784651 both 80 A_stop
1201  52.45634539  009.67737685 both 81 A_stop
1201  52.45606990  009.67706166 both 82 A_stop
1201  52.45581638  009.67700649 both 83 A_start
1201  52.45776413  009.68946844 both 84 _stop
1201  52.45792566  009.68984469 both 85 _stop
1201  52.45847451  009.68918781 both 86 _stop
1201  52.45821346  009.69046194 both 87 _stop(split)
1201  52.45780857  009.69096187 both 88 _stop(split)
1201  52.45792139  009.68397715 both 89 _stop
1201  52.45684421  009.68265656 both 90 _stop
1201  52.45717245  009.68291648 both 91 _stop
1201  52.45758116  009.68325865 both 92 _stop
1201  52.45782323  009.68357984 both 93 _stop
1201  52.45646816  009.68262414 both 94 _start
1201  52.45622041  009.69142467 both 95 _start(split)
1201  52.45678957  009.69146608 both 96 _start(split)
1201  52.45602939  009.69826896 both 97 _start(split)(split)
1201  52.45579304  009.70675987 both 98 _stop
1201  52.45575092  009.70830246 both 99 _stop(split)
1201  52.45641440  009.70641510 both 100 _stop
1201  52.45618461  009.70669583 both 101 _stop
1201  52.45650501  009.70593204 both 102 _stop
1201  52.45678488  009.69583513 both 103 _stop
1201  52.45671499  009.69832277 both 104 _stop(split)
1201  52.45660649  009.70230386 both 105 _stop(split)
1201  52.45679022  009.69553553 both 106 _stop
1201  52.45722572  009.69480168 both 107 _stop
1201  52.45756181  009.69426352 both 108 _stop
1201  52.45760905  009.69269151 both 109 _stop
1201  52.45758543  009.69347751 both 110 A1_split
1201  52.45776211  009.69246477 both 111 _stop
1201  52.45791625  009.69226807 both 112 _stop
1201  52.46328380  009.69286044 both 113 _stop
1201  52.46290508  009.69305532 both 114 _stop
1201  52.46694581  009.65275950 both 115 G_stop
1201  52.46659581  009.65277250 both 116 G_stop
1201  52.46625162  009.65308138 both 117 G_stop
1201  52.46595416  009.65414497 both 118 G_stop
1201  52.46601018  009.65360445 both 119 G_stop(split)
1201  52.46576468  009.66110006 both 120 G_stop
1201  52.46559944  009.66728741 both 121 G_stop
1201  52.46554257  009.66929150 both 122 G_stop
1201  52.46518866  009.68213773 both 123 G_stop
1201  52.46519897  009.68166309 both 124 G_stop(split)
1201  52.46522710  009.68068465 both 125 G_stop(split)
1201  52.46532845  009.67698639 both 126 G_stop(split)
1201  52.46040744  009.68917507 both 127 L_stop
1201  52.45862610  009.69139136 both 128 L_stop(split)
1201  52.45821611  009.69189720 both 129 L_stop(split)
1201  52.45874851  009.69311678 both 130 L_stop(split)
1201  52.46443748  009.68408826 both 131 L_stop
1201  52.46558216  009.68266714 both 132 L_stop
1201  52.46489443  009.68353111 both 133 L_stop(split)
1201  52.46465559  009.68383085 both 134 L_stop(split)(split)
1201  52.46608069  009.69949943 both 135 N_stop
1201  52.46647297  009.69952835 both 136 N_stop
1201  52.45774546  009.69638791 both 137 N_stop
1201  52.45769715  009.69650361 both 138 N_stop
1201  52.45767691  009.69663645 both 139 N_stop
1201  52.45769777  009.69680113 both 140 N_stop
1201  52.45677107  009.69468950 both 141 N_stop
1201  52.45696000  009.69503026 both 142 N_stop
1201  52.45710144  009.69530168 both 143 N_stop
1201  52.45725673  009.69558780 both 144 N_stop
1201  52.45744846  009.69595135 both 145 N_stop
1201  52.45672077  009.69459773 both 146 N_stop
1201  52.45669267  009.69447159 both 147 N_stop
1201  52.45713378  009.69400432 both 148 N_stop
1201  52.45714333  009.69377676 both 149 N_stop
1201  52.45671135  009.69374732 both 150 N_start
1201  52.45905539  009.68328839 both 151 N_stop
1201  52.45890717  009.68865335 both 152 N_stop
1201  52.45892448  009.68790926 both 153 N_stop
1201  52.45752988  009.69032456 both 154 N_stop
1201  52.45720068  009.69070668 both 155 N_stop
1201  52.45701531  009.68360174 both 156 N_stop
1201  52.45694069  009.68631785 both 157 N_stop
1201  52.45686842  009.68891832 both 158 N_stop
1201  52.45680902  009.69099826 both 159 N_stop
1201  52.45681754  009.69068493 both 160 N_stop
1201  52.45711400  009.69074899 both 161 N_stop
1201  52.45675716  009.69217078 both 162 N_stop
1201  52.45672163  009.69335254 both 163 N_start
1201  52.45699902  009.70442893 both 164 N_stop
1201  52.45759848  009.70301838 both 165 N_stop
1201  52.45753467  009.70308719 both 166 N_stop
1201  52.45729760  009.70367395 both 167 N_stop
1201  52.45766816  009.70298549 both 168 N_stop
1201  52.45797219  009.70307943 both 169 N_stop
1201  52.45821828  009.70298257 both 170 N_stop
1201  52.45815249  009.70307326 both 171 N_stop
1201  52.45807440  009.70310066 both 172 N_stop
1201  52.45854999  009.70209687 both 173 N_stop
1201  52.45852080  009.70221754 both 174 N_stop
1201  52.45855318  009.70166830 both 175 N_stop
1201  52.45856253  009.70182785 both 176 N_stop
1201  52.45852183  009.70152655 both 177 N_stop
1201  52.45759687  009.70040263 both 178 N_stop
1201  52.45761616  009.70051987 both 179 N_stop
1201  52.45766981  009.70062905 both 180 N_stop
1201  52.45771892  009.69983354 both 181 N_stop
1201  52.45764406  009.69992234 both 182 N_stop
1201  52.45760471  009.70005734 both 183 N_stop
1201  52.45834542  009.69915269 both 184 N_stop
1201  52.45833455  009.69925599 both 185 N_stop
1201  52.45829378  009.69934521 both 186 N_stop
1201  52.45832320  009.69751974 both 187 N_stop
1201  52.45837235  009.69764178 both 188 N_stop
1201  52.45838396  009.69779442 both 189 N_stop
1201  52.45775695  009.69692932 both 190 N_stop
1201  52.45781297  009.69631557 both 191 N_stop
1201  52.45835905  009.69585448 both 192 N_stop
1201  52.45846829  009.69572686 both 193 N_stop
1201  52.45842072  009.69580310 both 194 N_stop
1201  52.45872608  009.69494678 both 195 N_stop
1201  52.45866858  009.69370258 both 196 N_stop
1201  52.45874483  009.69480728 both 197 N_stop
1201  52.45873242  009.69337431 both 198 N_stop
1201  52.45868371  009.69348581 both 199 N_stop
1201  52.45866715  009.69359168 both 200 N_stop
1201  52.45887865  009.69327392 both 201 N_stop
1201  52.45882410  009.69329159 both 202 N_stop
1201  52.45950289  009.69369269 both 203 N_stop
1201  52.45894101  009.69328418 both 204 N_stop
1201  52.45991234  009.69382040 both 205 N_stop
1201  52.45984309  009.69384149 both 206 N_stop
1201  52.45967379  009.69377888 both 207 N_stop
1201  52.45958139  009.69374171 both 208 N_stop
1201  52.46020247  009.69349653 both 209 N_stop
1201  52.45998384  009.69376471 both 210 N_stop
1201  52.46023177  009.69240167 both 211 N_stop
1201  52.46020316  009.69315426 both 212 N_stop
1201  52.46030417  009.69148950 both 213 N_start
1202 39 25 twoway taxiway_E M
1202 59 60 twoway taxiway_E G
1204 departure 09L,27R
1204 arrival 09L,27R
1202 136 65 twoway taxiway_E N
1204 departure 09L,27R
1204 arrival 09L,27R
1202 44 38 twoway taxiway_A 
1204 departure 09C,27C
1204 arrival 09C,27C
1202 134 35 twoway taxiway_A 
1204 departure 09C,27C
1204 arrival 09C,27C
1202 0 23 twoway taxiway_A 
1202 1 0 twoway taxiway_A 
1202 2 48 twoway taxiway_A 
1204 departure 09C,27C
1204 arrival 09C,27C
1202 3 2 twoway taxiway_A 
1202 4 3 twoway taxiway_A 
1202 42 11 twoway taxiway_A 
1202 5 12 twoway taxiway_A 
1202 6 36 twoway taxiway_A 
1204 departure 09C,27C
1204 arrival 09C,27C
1202 9 6 twoway taxiway_A 
1202 7 10 twoway taxiway_A 
1202 8 37 twoway taxiway_A 
1204 departure 09C,27C
1204 arrival 09C,27C
1202 9 10 twoway taxiway_A 
1202 10 11 twoway taxiway_A 
1202 11 12 twoway taxiway_A 
1202 12 8 twoway taxiway_A 
1202 13 9 twoway taxiway_A 
1202 104 97 twoway taxiway_E A2
1202 14 104 twoway taxiway_E 
1202 15 105 twoway taxiway_E 
1202 16 15 twoway taxiway_E 
1202 17 16 twoway taxiway_E 
1202 18 98 twoway taxiway_C B
1202 69 18 twoway taxiway_C B
1204 departure 09R,27L
1204 arrival 09R,27L
1202 95 96 twoway taxiway_E C
1202 96 21 twoway taxiway_E C
1202 19 95 twoway taxiway_C C
1202 68 19 twoway taxiway_C C
1204 departure 09R,27L
1204 arrival 09R,27L
1202 20 21 twoway taxiway_E F
1202 21 109 twoway taxiway_E F
1202 87 88 twoway taxiway_E F
1202 88 20 twoway taxiway_E F
1202 23 22 oneway taxiway_E F
1202 24 25 oneway taxiway_E F
1202 25 23 oneway taxiway_E F
1202 24 87 twoway taxiway_E F
1202 22 124 oneway taxiway_E F
1204 departure 09C,27C
1204 arrival 09C,27C
1202 26 33 oneway taxiway_E K
1204 ils 09L,27R
1202 27 26 oneway taxiway_E K
1204 ils 09L,27R
1202 28 27 oneway taxiway_E K to
1204 departure 09L,27R
1204 arrival 09L,27R
1202 63 28 oneway taxiway_E K to
1204 departure 09L,27R
1204 arrival 09L,27R
1202 35 36 twoway runway 09C/27C
1204 departure 09C,27C
1204 arrival 09C,27C
1204 ils 09C,27C
1202 36 37 twoway runway 09C/27C
1204 departure 09C,27C
1204 arrival 09C,27C
1204 ils 09C,27C
1202 37 38 twoway runway 09C/27C
1204 departure 09C,27C
1204 arrival 09C,27C
1204 ils 09C,27C
1202 29 121 twoway taxiway_E K
1202 30 29 twoway taxiway_E K
1202 31 30 twoway taxiway_E K
1204 ils 09L,27R
1202 33 32 oneway taxiway_E K
1204 ils 09L,27R
1202 33 31 twoway taxiway_E K
1204 ils 09L,27R
1202 32 34 oneway taxiway_E K
1204 departure 09L,27R
1204 arrival 09L,27R
1202 34 62 oneway taxiway_E K
1204 departure 09L,27R
1204 arrival 09L,27R
1202 40 39 twoway taxiway_E M
1202 41 42 twoway taxiway_E M
1202 42 40 twoway taxiway_E M
1202 43 44 twoway taxiway_E M
1204 departure 09C,27C
1204 arrival 09C,27C
1202 44 45 twoway taxiway_E M
1204 departure 09C,27C
1204 arrival 09C,27C
1202 45 41 twoway taxiway_E M
1202 46 47 twoway taxiway_E M
1204 ils 09L,27R
1202 47 48 twoway taxiway_E M
1202 48 43 twoway taxiway_E M
1204 departure 09C
1204 arrival 27C
1202 49 50 twoway taxiway_E M
1204 ils 09L,27R
1202 50 46 twoway taxiway_E M
1204 ils 09L,27R
1202 51 49 twoway taxiway_E M
1204 ils 09L,27R
1202 135 51 twoway taxiway_E M
1204 ils 09L,27R
1202 53 52 oneway taxiway_E L
1204 departure 09L,27R
1204 arrival 09L,27R
1202 64 53 oneway taxiway_E L
1204 departure 09L,27R
1204 arrival 09L,27R
1202 54 120 twoway taxiway_E J
1202 55 54 twoway taxiway_E J
1202 56 55 twoway taxiway_E J
1204 ils 09L,27R
1202 57 58 twoway taxiway_E J
1204 ils 09L,27R
1202 58 56 twoway taxiway_E J
1204 ils 09L,27R
1202 61 57 twoway taxiway_E J
1204 departure 09L,27R
1204 arrival 09L,27R
1202 60 61 twoway runway 09L/27R
1204 departure 09L,27R
1204 arrival 09L,27R
1204 ils 09L,27R
1202 61 62 twoway runway 09L/27R
1204 departure 09L,27R
1204 arrival 09L,27R
1204 ils 09L,27R
1202 62 63 twoway runway 09L/27R
1204 departure 09L,27R
1204 arrival 09L,27R
1204 ils 09L,27R
1202 63 64 twoway runway 09L/27R
1204 departure 09L,27R
1204 arrival 09L,27R
1204 ils 09L,27R
1202 64 65 twoway runway 09L/27R
1204 departure 09L,27R
1204 arrival 09L,27R
1204 ils 09L,27R
1202 66 67 twoway runway 09R/27L
1204 departure 09R,27L
1204 arrival 09R,27L
1204 ils 09R,27L
1202 67 68 twoway runway 09R/27L
1204 departure 09R,27L
1204 arrival 09R,27L
1204 ils 09R,27L
1202 68 69 twoway runway 09R/27L
1204 departure 09R,27L
1204 arrival 09R,27L
1204 ils 09R,27L
1202 69 71 twoway runway 09R/27L
1204 departure 09R,27L
1204 arrival 09R,27L
1204 ils 09R,27L
1202 70 66 twoway taxiway_E A
1204 departure 09R,27L
1204 arrival 09R,27L
1202 83 70 twoway taxiway_E A
1204 departure 09R,27L
1204 arrival 09R,27L
1202 72 71 twoway taxiway_E A
1204 departure 09R,27L
1204 arrival 09R,27L
1202 73 72 twoway taxiway_E A
1204 departure 09R,27L
1204 arrival 09R,27L
1202 74 73 twoway taxiway_E A
1202 75 74 twoway taxiway_E A
1202 76 75 twoway taxiway_E A
1202 78 76 twoway taxiway_E A
1202 98 99 twoway taxiway_E A
1202 99 78 twoway taxiway_E A
1202 77 94 twoway taxiway_C D
1202 67 77 twoway taxiway_C D
1204 departure 09R,27L
1204 arrival 09R,27L
1202 94 95 twoway taxiway_E A
1202 95 97 twoway taxiway_E A
1202 97 98 twoway taxiway_E A
1202 79 94 twoway taxiway_E A
1202 80 79 twoway taxiway_E A
1202 81 80 twoway taxiway_E A
1202 82 81 twoway taxiway_E A
1202 83 82 twoway taxiway_E A
1202 84 85 twoway taxiway_E F1
1202 85 87 twoway taxiway_E F1
1202 87 128 twoway taxiway_E 
1202 84 89 twoway taxiway_E D1
1202 90 91 twoway taxiway_E D1
1202 91 92 twoway taxiway_E D1
1202 92 93 twoway taxiway_E D1
1202 93 89 twoway taxiway_E D1
1202 94 90 twoway taxiway_E D1
1202 100 101 twoway taxiway_E A1
1202 101 98 twoway taxiway_E A1
1202 102 100 twoway taxiway_E A1
1202 103 104 twoway taxiway_E A1
1202 104 105 twoway taxiway_E A1
1202 105 102 twoway taxiway_E A1
1202 106 103 twoway taxiway_E A1
1202 108 107 twoway taxiway_E A1
1202 109 110 twoway taxiway_E A1
1202 110 108 twoway taxiway_E A1
1202 111 109 twoway taxiway_E L1
1202 112 111 twoway taxiway_E L1
1202 127 128 twoway taxiway_E L1
1202 128 129 twoway taxiway_E L1
1202 129 112 twoway taxiway_E L1
1202 113 41 twoway taxiway_B 
1202 114 113 twoway taxiway_B 
1202 115 59 twoway taxiway_E G
1204 ils 09L,27R
1202 116 115 twoway taxiway_E G
1204 ils 09L,27R
1202 117 116 twoway taxiway_E G
1204 ils 09L,27R
1202 118 119 twoway taxiway_E G
1204 ils 09L,27R
1202 119 117 twoway taxiway_E G
1204 ils 09L,27R
1202 120 118 twoway taxiway_E G
1202 121 120 twoway taxiway_E G
1202 122 121 twoway taxiway_E G
1202 123 124 twoway taxiway_E G
1202 124 125 twoway taxiway_E G
1202 125 126 twoway taxiway_E G
1202 126 122 twoway taxiway_E G
1202 123 133 oneway taxiway_E G
1204 departure 09C,27C
1204 arrival 09C,27C
1202 39 127 twoway taxiway_E L
1202 131 39 oneway taxiway_E L
1202 132 133 oneway taxiway_E L
1204 departure 09C,27C
1204 arrival 09C,27C
1202 133 134 oneway taxiway_E L
1204 departure 09C,27C
1204 arrival 09C,27C
1202 134 131 oneway taxiway_E L
1204 departure 09C,27C
1204 arrival 09C,27C
1202 52 132 oneway taxiway_E L
1204 ils 09L,27R
1202 136 135 twoway taxiway_E N
1204 departure 09L,27R
1204 arrival 09L,27R
1206 163 150 twoway 
1206 141 142 twoway N
1206 142 143 twoway N
1206 143 144 twoway N
1206 144 145 twoway N
1206 145 137 twoway N
1206 146 141 twoway N
1206 147 146 twoway N
1206 148 147 twoway N
1206 149 148 twoway N
1206 147 150 twoway N
1206 150 149 twoway N
1206 154 88 twoway N
1206 88 129 twoway N
1206 129 130 twoway N
1206 130 202 twoway N
1206 152 153 twoway N
1206 153 151 twoway N
1206 154 85 twoway N
1206 85 86 twoway N
1206 86 152 twoway N
1206 155 154 twoway N
1206 160 161 twoway N
1206 161 155 twoway N
1206 157 156 twoway N
1206 158 157 twoway N
1206 159 160 twoway N
1206 160 158 twoway N
1206 162 96 twoway N
1206 96 159 twoway N
1206 163 162 twoway N
1206 165 166 twoway N
1206 166 167 twoway N
1206 167 164 twoway N
1206 168 165 twoway N
1206 169 168 twoway N
1206 170 171 twoway N
1206 171 172 twoway N
1206 172 169 twoway N
1206 173 174 twoway N
1206 174 170 twoway N
1206 175 176 twoway N
1206 176 173 twoway N
1206 177 175 twoway N
1206 178 179 twoway N
1206 179 180 twoway N
1206 180 177 twoway N
1206 181 182 twoway N
1206 182 183 twoway N
1206 183 178 twoway N
1206 184 185 twoway N
1206 185 186 twoway N
1206 186 181 twoway N
1206 187 188 twoway N
1206 188 189 twoway N
1206 189 184 twoway N
1206 190 187 twoway N
1206 137 138 twoway N
1206 138 139 twoway N
1206 139 140 twoway N
1206 140 190 twoway N
1206 191 137 twoway N
1206 192 191 twoway N
1206 193 194 twoway N
1206 194 192 twoway N
1206 195 193 twoway N
1206 196 197 twoway N
1206 197 195 twoway N
1206 198 199 twoway N
1206 199 200 twoway N
1206 200 196 twoway N
1206 201 202 twoway N
1206 202 198 twoway N
1206 203 204 twoway N
1206 204 201 twoway N
1206 205 206 twoway N
1206 206 207 twoway N
1206 207 208 twoway N
1206 208 203 twoway N
1206 209 210 twoway N
1206 210 205 twoway N
1206 211 212 twoway N
1206 212 209 twoway N
1206 213 211 twoway N
1400  52.45678929  009.69387310 272.5 fuel_props 0 New Service Truck 27
1400  52.45681398  009.69422598 94.6 baggage_train 3 New Service Truck 30
1400  52.45691118  009.69406390 93.3 pushback 0 New Service Truck 29
1400  52.45685992  009.69412083 93.6 pushback 0 New Service Truck 28
1400  52.45682398  009.69388900 272.3 fuel_jets 0 New Service Truck 26
1400  52.45686086  009.69390541 270.5 fuel_liners 0 New Service Truck 25
1400  52.45689618  009.69387053 273.3 crew_limo 0 New Service Truck 24
1400  52.45697807  009.69389002 271.2 food 0 New Service Truck 16
1400  52.45677772  009.69426650 93.0 baggage_train 5 New Service Truck 14
1400  52.45693775  009.69390233 271.6 baggage_loader 0 New Service Truck 13
1400  52.45701401  009.69390080 272.0 baggage_loader 0 New Service Truck 12
1400  52.45705154  009.69385240 -88.2 gpu 0 New Service Truck 10
99
