I
1200 Generated by WorldEditor 2.5.0b3

1     53 0 0 EDDH Hamburg Helmut Schmidt
1302 city Hamburg
1302 country DEU
1302 gui_label 2D
1302 iata_code HAM
1302 icao_code EDDH
1302 region_code ED
1302 transition_alt 5000
1302 flatten 1
100 46.02 2 0 0.00 1 3 0  05  53.61824046  009.96371791 298 59 3 1 0 0 23  53.63691231  010.00150525 155 73 3 2 1 0
100 46.02 1 0 0.00 1 3 0  15  53.65443685  009.97520905 0 59 3 1 0 0 33  53.62509861  010.00056100 446 50 2 1 0 0
130 Airport Boundary 1
111  53.65796298  009.97063168
111  53.65500836  009.97190281
111  53.65356044  009.97294849
111  53.63868289  009.98599483
111  53.63796447  009.98481842
111  53.63728771  009.98490621
111  53.63589253  009.98646885
111  53.63447653  009.98657419
111  53.63325835  009.98594209
111  53.63170699  009.98332629
111  53.63085323  009.98171126
111  53.62758393  009.97879721
111  53.61693267  009.95742002
111  53.61580820  009.95645482
111  53.61486073  009.95694620
111  53.61451714  009.95819218
111  53.61448590  009.95964874
111  53.61519390  009.96122816
111  53.61626632  009.96419397
111  53.61606849  009.96547509
111  53.61645373  009.96680887
111  53.62108697  009.97621599
111  53.62078503  009.97691807
111  53.62035815  009.97698827
111  53.61778644  009.98116572
111  53.61969179  009.98462321
111  53.62060803  009.98937972
111  53.62191991  010.00005152
111  53.62362745  010.00840666
111  53.62406474  010.00914393
111  53.62567857  010.00837156
111  53.62801081  010.00745857
111  53.63083240  010.00858217
111  53.63504918  010.00912657
111  53.63741265  010.00914418
111  53.63894318  010.00805547
111  53.63970324  010.00614144
111  53.63977613  010.00336698
111  53.63900565  010.00006573
111  53.63897442  009.99736152
111  53.63969283  009.99337540
111  53.64061948  009.99181255
111  53.64856367  009.98457702
111  53.65140609  009.98239884
111  53.65474827  009.97948292
111  53.65721586  009.97589910
113  53.65826746  009.97551261
120 Linear Feature 22
111  53.61733328  009.96400138 104
115  53.61730358  009.96450655
120 Linear Feature 21
111  53.62216180  009.97378038 104
115  53.62228288  009.97409135
120 Linear Feature 20
111  53.62433580  009.97822420 104
115  53.62447051  009.97842948
120 Linear Feature 19
111  53.62711496  009.98383434 104
115  53.62722924  009.98406240
120 Linear Feature 18
111  53.62757295  009.98457569 104
115  53.62755397  009.98493751
120 Linear Feature 17
111  53.63075458  009.99163694 104
115  53.63099575  009.99167336
120 Linear Feature 16
111  53.63160904  009.99306932 104
115  53.63156061  009.99339689
120 Linear Feature 15
111  53.62650139  009.99771346 104
115  53.62632217  009.99787298
120 Linear Feature 14
111  53.62550963  010.00178409 104
115  53.62568452  010.00162823
120 Linear Feature 13
111  53.62785369  009.99973165 104
115  53.62844345  009.99921355
120 Linear Feature 12
111  53.62878111  009.99892347 104
115  53.62895867  009.99877162
120 Linear Feature 11
111  53.63187733  009.99635367 104
115  53.63206793  009.99608318
120 Linear Feature 10
111  53.63274275  009.99571245 104
115  53.63294792  009.99576602
120 Linear Feature 9
111  53.65459511  009.97659075 104
115  53.65477651  009.97643259
120 Linear Feature 8
111  53.64638635  009.98403478 104
115  53.64642285  009.98366675
120 Linear Feature 7
111  53.63894608  009.99013346 104
115  53.63909459  009.99031376
120 Linear Feature 6
111  53.63607444  009.99735778 104
115  53.63592364  009.99717236
120 Linear Feature 5
111  53.63476318  009.99924893 104
115  53.63534690  010.00038962
120 Linear Feature 4
111  53.63579228  010.00139836 104
115  53.63583839  010.00183783
120 Linear Feature 3
111  53.63628031  010.00236839 104
115  53.63642763  010.00264171
120 Linear Feature 45
111  53.62617893  009.99117613 101
112  53.62603827  009.99129668  53.62600743  009.99132111 101
112  53.62584669  009.99154960  53.62578033  009.99173398 101
116  53.62576024  009.99211454  53.62577192  009.99238559
120 Linear Feature 64
112  53.62552174  009.98876168  53.62548929  009.98878037 101
112  53.62543926  009.98877308  53.62541276  009.98876578 101
116  53.62537084  009.98868325  53.62535813  009.98862944
120 Linear Feature 63
112  53.62687701  009.98888889  53.62684051  009.98892005 101
112  53.62674224  009.98881899  53.62671989  009.98874774 101
112  53.62659200  009.98833048  53.62656957  009.98826209 101
112  53.62643724  009.98825245  53.62639441  009.98828802 101
112  53.62598914  009.98864333  53.62596017  009.98866776 101
112  53.62589054  009.98865121  53.62586765  009.98864333 101
112  53.62576403  009.98860573  53.62573699  009.98859707 101
112  53.62568318  009.98862534  53.62564667  009.98865407 101
112  53.62546306  009.98882323  53.62544278  009.98885378 101
112  53.62541736  009.98893950  53.62541005  009.98899832 101
116  53.62541654  009.98910183  53.62541898  009.98912235
120 Linear Feature 62
112  53.62674541  009.98883265  53.62675578  009.98886913 101
116  53.62671724  009.98902682  53.62668186  009.98906178
120 Linear Feature 61
112  53.62563116  009.98996317  53.62560682  009.98997304 101
112  53.62555724  009.98994759  53.62553493  009.98992935 101
116  53.62550361  009.98985677  53.62549189  009.98980852
120 Linear Feature 60
112  53.62797618  009.98772913  53.62799857  009.98778987 101
112  53.62793886  009.98797099  53.62788662  009.98801531 101
112  53.62564349  009.98995677  53.62560891  009.98998750 101
112  53.62556220  009.99007564  53.62554215  009.99013415 101
116  53.62554958  009.99027589  53.62555702  009.99034086
120 Linear Feature 59
112  53.62765873  009.98709583  53.62763731  009.98707121 101
112  53.62759091  009.98704221  53.62756527  009.98703291 101
116  53.62751075  009.98704385  53.62748609  009.98705972
120 Linear Feature 58
112  53.62753204  009.98684057  53.62753925  009.98688313 101
112  53.62749305  009.98705565  53.62744212  009.98710201 101
112  53.62728469  009.98723904  53.62726522  009.98725928 101
112  53.62724672  009.98731728  53.62723666  009.98735230 101
112  53.62718052  009.98755640  53.62717014  009.98759471 101
112  53.62713152  009.98765107  53.62710037  009.98767952 101
115  53.62677213  009.98796043
120 Linear Feature 57
112  53.62734240  009.98644924  53.62732910  009.98643366 101
112  53.62727502  009.98640668  53.62724933  009.98640022 101
116  53.62719480  009.98641732  53.62717970  009.98642720
120 Linear Feature 56
112  53.62539542  009.98797356  53.62537469  009.98799370 101
112  53.62533886  009.98806134  53.62532624  009.98809743 101
116  53.62531452  009.98820231  53.62531610  009.98825436
120 Linear Feature 55
112  53.62720771  009.98616755  53.62723965  009.98623255 101
112  53.62718552  009.98642363  53.62714852  009.98645515 101
112  53.62540179  009.98796732  53.62539011  009.98797599 101
112  53.62532827  009.98793861  53.62530776  009.98791581 101
116  53.62527328  009.98783335  53.62526292  009.98777560
120 Linear Feature 54
112  53.62828112  009.98404932  53.62814991  009.98377984 101
112  53.62772358  009.98355665  53.62751661  009.98358606 101
116  53.62727825  009.98381154  53.62720035  009.98390565
120 Linear Feature 53
111  53.62625345  009.98522172 101
112  53.62655625  009.98480759  53.62659438  009.98475369 101
112  53.62718950  009.98392405  53.62726544  009.98381899 101
112  53.62750286  009.98348669  53.62764749  009.98328060 101
112  53.62756100  009.98259622  53.62749909  009.98246528 101
115  53.62729749  009.98205423
120 Linear Feature 52
112  53.62681699  009.98538719  53.62676652  009.98529926 101
112  53.62658428  009.98517539  53.62646653  009.98513095 101
116  53.62622653  009.98525765  53.62612784  009.98534370
120 Linear Feature 51
112  53.62630688  009.98435770  53.62636179  009.98453470 101
112  53.62636663  009.98481246  53.62636098  009.98495270 101
116  53.62624147  009.98523590  53.62615265  009.98532984
120 Linear Feature 50
112  53.62598308  009.98369966  53.62604687  009.98386577 101
112  53.62602830  009.98419253  53.62599600  009.98433141 101
116  53.62580705  009.98455198  53.62568755  009.98462141
120 Linear Feature 49
112  53.62499942  009.98535241  53.62501234  009.98517678 101
112  53.62511408  009.98491264  53.62516172  009.98482142 101
112  53.62529899  009.98472884  53.62535794  009.98471114 101
111  53.62585937  009.98454912 101
112  53.62615248  009.98446062  53.62624938  009.98444020 101
116  53.62649081  009.98471523  53.62658932  009.98491402
120 Linear Feature 48
112  53.62551922  009.98586541  53.62544073  009.98590625 101
112  53.62525055  009.98585889  53.62517545  009.98581668 101
116  53.62502042  009.98554847  53.62495098  009.98533879
120 Linear Feature 47
112  53.62945216  009.98640248  53.62913068  009.98575591 101
112  53.62879078  009.98544252  53.62860828  009.98525053 101
112  53.62806746  009.98490608  53.62769073  009.98471409 101
112  53.62688536  009.98479034  53.62666267  009.98489762 101
112  53.62639904  009.98510567  53.62618683  009.98529193 101
111  53.62556864  009.98582946 101
112  53.62535934  009.98601735  53.62530799  009.98607617 101
112  53.62520625  009.98630000  53.62517233  009.98641110 101
116  53.62515005  009.98674929  53.62516361  009.98690777
120 Linear Feature 46
112  53.62884328  009.98948081  53.62874033  009.98926749 101
116  53.62823418  009.98938753  53.62795512  009.98962085
120 Linear Feature 44
112  53.62832619  009.98843240  53.62847413  009.98873750 101
112  53.62823199  009.98939465  53.62808200  009.98951033 101
112  53.62625562  009.99110912  53.62620071  009.99115678 101
112  53.62594555  009.99123574  53.62579940  009.99122077 101
112  53.62567505  009.99101518  53.62565002  009.99096480 101
116  53.62561691  009.99083682  53.62561207  009.99081095
120 Linear Feature 43
112  53.63084615  009.99200023  53.63078640  009.99219223 101
112  53.63062894  009.99237061  53.63050136  009.99246865 101
112  53.63031161  009.99234474  53.63024540  009.99229027 101
116  53.63021148  009.99224125  53.63020179  009.99222763
120 Linear Feature 42
112  53.63089360  009.99181921  53.63088081  009.99206091 101
112  53.63083842  009.99287792  53.63083438  009.99308557 101
112  53.63087341  009.99351110  53.63089158  009.99366429 101
116  53.63102010  009.99410343  53.63106586  009.99425095
120 Linear Feature 41
112  53.62668370  009.99608101  53.62665711  009.99610153 101
112  53.62650289  009.99625333  53.62643560  009.99633843 101
112  53.62637112  009.99648687  53.62635430  009.99653509 101
116  53.62631140  009.99691141  53.62631654  009.99709972
120 Linear Feature 40
112  53.63006633  009.98769945  53.63021974  009.98798426 101
112  53.63043305  009.98845744  53.63052456  009.98868666 101
112  53.63082951  009.98983901  53.63094253  009.99050961 101
112  53.63090206  009.99162727  53.63088532  009.99193786 101
112  53.63074998  009.99235904  53.63069974  009.99248375 101
112  53.63047929  009.99280845  53.63036208  009.99292845 101
111  53.62718705  009.99565257 101
112  53.62670441  009.99606406  53.62666282  009.99609637 101
112  53.62648385  009.99611922  53.62641563  009.99610819 101
112  53.62630301  009.99598448  53.62624133  009.99589387 101
116  53.62616236  009.99563700  53.62613245  009.99548099
120 Linear Feature 39
112  53.63410245  009.99274031  53.63384083  009.99296582 101
112  53.63343774  009.99329755  53.63330499  009.99339723 101
112  53.63301043  009.99352142  53.63288640  009.99355574 101
112  53.63246588  009.99357534  53.63229921  009.99355573 101
112  53.63209089  009.99345442  53.63198624  009.99341357 101
111  53.63156281  009.99323873 101
112  53.63101471  009.99300958  53.63088293  009.99295001 101
112  53.63065482  009.99282105  53.63059201  009.99277187 101
112  53.63045183  009.99262152  53.63039688  009.99255060 101
116  53.63029763  009.99240403  53.63026398  009.99235108
120 Linear Feature 38
112  53.62750242  009.99847463  53.62743707  009.99853201 101
112  53.62724579  009.99861438  53.62714065  009.99863868 101
112  53.62697841  009.99859545  53.62691673  009.99857496 101
116  53.62683448  009.99852453  53.62681486  009.99851193
120 Linear Feature 37
112  53.62643165  009.99792668  53.62644847  009.99800421 101
112  53.62648100  009.99814699  53.62649782  009.99821979 101
112  53.62655613  009.99838809  53.62658249  009.99846184 101
112  53.62662903  009.99860367  53.62664866  009.99867648 101
112  53.62665370  009.99884667  53.62665146  009.99888449 101
112  53.62660099  009.99913978  53.62657408  009.99923433 101
112  53.62647931  009.99934969  53.62641315  009.99941304 101
115  53.62633688  009.99947544
120 Linear Feature 36
111  53.62372961  009.97482786 101
112  53.62338041  009.97412084  53.62333976  009.97404127 101
112  53.62325331  009.97393096  53.62322200  009.97389236 101
112  53.62309350  009.97378836  53.62305939  009.97376157 101
112  53.62292294  009.97369776  53.62286453  009.97367333 101
112  53.62276126  009.97366073  53.62271733  009.97366073 101
112  53.62258509  009.97367885  53.62254678  009.97368988 101
112  53.62242575  009.97373952  53.62238650  009.97376158 101
112  53.62226968  009.97385770  53.62221781  009.97390812 101
112  53.62213276  009.97402157  53.62209351  009.97407672 101
112  53.62197762  009.97428235  53.62191921  009.97440762 101
112  53.62184118  009.97467706  53.62181781  009.97477476 101
112  53.62178557  009.97502844  53.62177529  009.97515135 101
112  53.62178323  009.97547751  53.62179632  009.97565714 101
112  53.62183510  009.97580605  53.62185239  009.97587459 101
112  53.62188945  009.97601114  53.62189914  009.97604116 101
115  53.62192437  009.97611829
120 Linear Feature 35
111  53.62465374  009.98241141 101
112  53.62456479  009.98166031  53.62454138  009.98146698 101
112  53.62449618  009.98101508  53.62448609  009.98091864 101
112  53.62443843  009.98049885  53.62442329  009.98037877 101
112  53.62434116  009.97964386  53.62432341  009.97948471 101
112  53.62426802  009.97899688  53.62425232  009.97881440 101
112  53.62433027  009.97846219  53.62438829  009.97830133 101
112  53.62447435  009.97819431  53.62449811  009.97816082 101
112  53.62466686  009.97792875  53.62471059  009.97786862 101
112  53.62477601  009.97773954  53.62481106  009.97764160 101
112  53.62484091  009.97739867  53.62484481  009.97728978 101
112  53.62480194  009.97704055  53.62477060  009.97691501 101
115  53.62465011  009.97668842
120 Linear Feature 34
111  53.62856869  010.00016732 101
111  53.62803345  009.99961674 101
111  53.62798765  009.99957497 101
112  53.62677771  009.99847996  53.62663539  009.99833880 101
112  53.62641675  009.99783772  53.62638478  009.99762205 101
111  53.62625328  009.99646957 101
111  53.62614506  009.99551727 101
111  53.62589729  009.99333756 101
111  53.62567429  009.99137546 101
111  53.62550007  009.98983909 101
111  53.62536331  009.98863442 101
111  53.62515252  009.98679658 101
111  53.62486933  009.98428859 101
111  53.62468963  009.98269360 101
112  53.62464890  009.98241158  53.62463517  009.98234351 101
112  53.62452698  009.98183703  53.62449064  009.98168999 101
112  53.62444401  009.98150725  53.62443155  009.98145866 101
112  53.62436067  009.98122754  53.62434393  009.98117764 101
112  53.62422166  009.98082178  53.62420374  009.98077254 101
116  53.62409035  009.98049152  53.62406652  009.98044109
120 Linear Feature 33
112  53.64684124  009.98515932  53.64716908  009.98488342 101
112  53.64673888  009.98392394  53.64645865  009.98385332 101
112  53.64588542  009.98373956  53.64565054  009.98371798 101
112  53.64490405  009.98381215  53.64454244  009.98391218 101
112  53.64394827  009.98430056  53.64363782  009.98455947 101
115  53.64340668  009.98476455
120 Linear Feature 32
112  53.63754811  009.99369597  53.63763936  009.99351347 101
112  53.63795265  009.99303408  53.63810284  009.99282707 101
112  53.63834589  009.99254379  53.63849446  009.99238989 101
111  53.63899574  009.99194096 101
111  53.63987694  009.99117158 101
111  53.64188534  009.98944024 101
111  53.64252470  009.98888952 101
111  53.64423032  009.98741694 101
111  53.64542965  009.98638148 101
111  53.64683623  009.98516391 101
111  53.64863206  009.98360824 101
111  53.65013855  009.98230623 101
111  53.65224265  009.98049250 101
112  53.65420531  009.97879833  53.65432172  009.97869615 101
112  53.65473701  009.97810271  53.65486259  009.97774486 101
112  53.65471651  009.97657885  53.65451913  009.97605184 101
112  53.65400569  009.97582482  53.65377407  009.97583659 101
116  53.65329408  009.97622740  53.65290637  009.97656006
120 Linear Feature 31
112  53.63964222  009.98880053  53.63974964  009.98853678 101
112  53.63937159  009.98823593  53.63915261  009.98842388 101
115  53.63871076  009.98881122
120 Linear Feature 30
112  53.63467526  010.00197841  53.63476482  010.00193441 101
112  53.63485682  010.00178023  53.63491604  010.00168264 101
112  53.63500284  010.00139439  53.63503110  010.00128544 101
111  53.63526197  010.00031322 101
111  53.63529281  010.00018271 101
112  53.63547635  009.99935187  53.63550058  009.99919336 101
112  53.63558003  009.99863283  53.63561879  009.99842855 101
112  53.63574766  009.99793666  53.63579611  009.99778304 101
112  53.63599108  009.99728041  53.63604940  009.99715179 101
111  53.63735213  009.99412864 101
111  53.63901159  009.99024927 101
112  53.63965071  009.98878853  53.63972984  009.98862782 101
112  53.63998286  009.98816207  53.64008245  009.98799409 101
112  53.64027086  009.98770353  53.64034420  009.98758890 101
116  53.64105497  009.98679554  53.64156791  009.98635628
120 Linear Feature 29
112  53.63292001  009.99506599  53.63293953  009.99470059 101
112  53.63284952  009.99382319  53.63277976  009.99341794 101
116  53.63239793  009.99240194  53.63218266  009.99196891
120 Linear Feature 28
112  53.63221512  009.99673039  53.63224316  009.99681833 101
112  53.63227512  009.99709351  53.63228353  009.99725900 101
112  53.63224148  009.99742638  53.63222521  009.99747083 101
116  53.63216802  009.99756729  53.63213998  009.99760322
120 Linear Feature 27
112  53.63272731  009.99777094  53.63265061  009.99763704 101
112  53.63252948  009.99755080  53.63247296  009.99751789 101
112  53.63236664  009.99751675  53.63233300  009.99751562 101
116  53.63220583  009.99755307  53.63216612  009.99757463
120 Linear Feature 26
111  53.63411454  009.99279283 101
112  53.63369512  009.99317801  53.63359082  009.99330057 101
112  53.63329946  009.99384301  53.63312989  009.99423792 101
112  53.63290430  009.99525147  53.63283453  009.99590563 101
111  53.63275976  009.99665670 101
112  53.63273015  009.99703799  53.63272746  009.99714239 101
112  53.63275505  009.99758155  53.63278667  009.99779830 101
116  53.63290039  009.99808994  53.63293807  009.99818640
120 Linear Feature 25
111  53.63584665  009.99763117 101
112  53.63566845  009.99800299  53.63561516  009.99807517 101
112  53.63528571  009.99854228  53.63520819  009.99864033 101
112  53.63504105  009.99895355  53.63495626  009.99914421 101
116  53.63486744  009.99941793  53.63483030  009.99954458
120 Linear Feature 24
112  53.63511765  010.00088114  53.63502849  010.00110244 101
112  53.63483831  010.00119860  53.63479592  010.00121902 101
112  53.63465125  010.00121789  53.63458463  010.00119973 101
116  53.63448370  010.00112370  53.63446217  010.00110100
120 Linear Feature 23
112  53.63504575  010.00221430  53.63502195  010.00217234 101
112  53.63486317  010.00204028  53.63477625  010.00199961 101
116  53.63466971  010.00199583  53.63463270  010.00199866
120 Linear Feature 22
111  53.63500810  009.99765620 101
112  53.63526648  009.99825404  53.63533593  009.99850189 101
112  53.63539406  009.99891997  53.63541425  009.99910382 101
112  53.63540698  009.99947832  53.63540295  009.99959544 101
116  53.63534965  009.99991411  53.63533512  009.99999173
120 Linear Feature 21
112  53.63472292  009.99707254  53.63496593  009.99755494 101
112  53.63498272  009.99881476  53.63490403  009.99921575 101
112  53.63463566  010.00044457  53.63457404  010.00063479 101
112  53.63442866  010.00068808  53.63440376  010.00069830 101
112  53.63427726  010.00070624  53.63424765  010.00069943 101
116  53.63418103  010.00065517  53.63416219  010.00063475
120 Linear Feature 20
112  53.62580588  010.00246370  53.62581873  010.00253789 101
112  53.62581834  010.00274932  53.62580588  010.00286882 101
116  53.62568789  010.00304019  53.62562014  010.00311308
120 Linear Feature 19
111  53.62580583  010.00244091 101
112  53.62593575  010.00294426  53.62595728  010.00305092 101
112  53.62602981  010.00347055  53.62605642  010.00362595 101
112  53.62597697  010.00428623  53.62579933  010.00444144 101
115  53.62403599  010.00598349
120 Linear Feature 18
112  53.62624412  010.00267529  53.62621031  010.00270126 101
112  53.62594496  010.00269893  53.62583000  010.00257129 101
112  53.62575823  010.00226495  53.62574141  010.00221011 101
111  53.62557552  010.00166363 101
112  53.62543489  010.00120489  53.62533024  010.00087159 101
116  53.62568004  010.00007919  53.62596782  009.99982432
120 Linear Feature 17
112  53.62814580  009.99973606  53.62819626  009.99979657 101
112  53.62830355  010.00008556  53.62834069  010.00025713 101
112  53.62831404  010.00060433  53.62828094  010.00075411 101
116  53.62812752  010.00098831  53.62805565  010.00106455
120 Linear Feature 16
111  53.62854581  010.00002136 101
112  53.62854076  010.00026910  53.62853291  010.00039202 101
112  53.62847291  010.00058680  53.62842133  010.00071445 101
116  53.62833497  010.00081090  53.62830693  010.00083643
120 Linear Feature 15
112  53.62914779  009.99976667  53.62915915  009.99981227 101
112  53.62917754  009.99992536  53.62918186  009.99996914 101
112  53.62918240  010.00006900  53.62917916  010.00011552 101
112  53.62914346  010.00024958  53.62912399  010.00029655 101
116  53.62908938  010.00033577  53.62906964  010.00035401
120 Linear Feature 14
112  53.62959534  009.99990102  53.62955770  009.99992728 101
112  53.62945483  009.99996285  53.62941232  009.99997051 101
112  53.62931529  009.99994370  53.62927733  009.99992345 101
112  53.62921015  009.99985231  53.62917446  009.99980361 101
116  53.62913325  009.99970238  53.62911994  009.99966845
120 Linear Feature 13
112  53.62964532  009.99986687  53.62959813  009.99992360 101
112  53.62950467  010.00013006  53.62946729  010.00024747 101
112  53.62944813  010.00047835  53.62944813  010.00060442 101
112  53.62949392  010.00084949  53.62952991  010.00098187 101
115  53.62958458  010.00106067
120 Linear Feature 12
112  53.62838095  009.99773553  53.62830189  009.99780550 101
112  53.62813255  009.99811753  53.62808656  009.99828584 101
112  53.62815161  009.99866028  53.62820993  009.99885412 101
111  53.62836021  009.99934014 101
112  53.62847291  009.99971931  53.62849815  009.99979968 101
112  53.62854749  009.99999731  53.62856207  010.00009281 101
112  53.62860413  010.00017791  53.62862992  010.00022046 101
112  53.62870394  010.00031313  53.62875665  010.00036324 101
112  53.62888169  010.00041241  53.62898767  010.00042943 101
112  53.62910655  010.00054196  53.62917328  010.00061098 101
115  53.62958318  010.00106013
120 Linear Feature 11
112  53.63415211  010.00063670  53.63419809  010.00072087 101
112  53.63432594  010.00101970  53.63436463  010.00113697 101
112  53.63436351  010.00153794  53.63434613  010.00172897 101
112  53.63424295  010.00197864  53.63419136  010.00207226 101
116  53.63408426  010.00214602  53.63402370  010.00217345
120 Linear Feature 10
112  53.63147514  010.00184884  53.63150084  010.00195680 101
112  53.63150271  010.00222551  53.63148869  010.00235948 101
116  53.63132888  010.00252654  53.63121673  010.00257619
120 Linear Feature 9
112  53.63045087  009.99905984  53.63040265  009.99912036 101
112  53.63031349  009.99936811  53.63029891  009.99943997 101
116  53.63030957  009.99976715  53.63035779  009.99990710
120 Linear Feature 7
112  53.63181680  010.00249920  53.63176585  010.00247566 101
112  53.63169511  010.00238537  53.63165812  010.00232134 101
112  53.63160652  010.00218070  53.63158543  010.00212926 101
111  53.63145044  010.00176753 101
112  53.63124680  010.00121814  53.63120082  010.00109804 101
112  53.63104717  010.00091176  53.63095017  010.00081719 101
112  53.63081335  010.00074533  53.63074213  010.00069899 101
112  53.63062382  010.00056566  53.63056999  010.00048623 101
112  53.63048756  010.00026307  53.63044774  010.00016378 101
112  53.63030178  009.99975475  53.63027217  009.99967305 101
112  53.63019008  009.99961065  53.63015374  009.99958455 101
112  53.63005505  009.99956067  53.63001767  009.99956526 101
116  53.62995498  009.99959350  53.62992188  009.99962108
120 Linear Feature 6
112  53.63272732  010.00162427  53.63277249  010.00175758 101
112  53.63276959  010.00212335  53.63272760  010.00232352 101
116  53.63243611  010.00248829  53.63227542  010.00250736
120 Linear Feature 5
112  53.63152237  009.99876679  53.63146746  009.99864152 101
112  53.63134311  009.99851897  53.63127609  009.99846450 101
116  53.63110814  009.99849445  53.63103304  009.99853394
120 Linear Feature 4
112  53.63335410  010.00230724  53.63327896  010.00232331 101
112  53.63307990  010.00223442  53.63297952  010.00215498 101
112  53.63287410  010.00196207  53.63283878  010.00189587 101
112  53.63273784  010.00164338  53.63269410  010.00154030 101
112  53.63152802  009.99877361  53.63148684  009.99864697 101
112  53.63151429  009.99834875  53.63153206  009.99825207 101
116  53.63167740  009.99799879  53.63178237  009.99789258
120 Linear Feature 3
111  53.62368077  010.00476372 101
112  53.62565269  010.00307383  53.62574017  010.00300008 101
112  53.62593026  010.00291877  53.62600764  010.00288189 101
112  53.62629138  010.00263606  53.62639455  010.00254340 101
111  53.62782191  010.00126608 101
112  53.62869309  010.00050124  53.62873437  010.00046710 101
112  53.62890103  010.00041654  53.62899566  010.00041785 101
112  53.62912572  010.00030622  53.62919737  010.00024449 101
111  53.62967725  009.99983440 101
112  53.62995621  009.99959289  53.63000331  009.99955318 101
112  53.63009078  009.99947261  53.63011904  009.99943743 101
112  53.63020921  009.99928311  53.63024151  009.99924340 101
112  53.63034581  009.99915035  53.63037676  009.99912539 101
111  53.63169987  009.99797572 101
112  53.63214293  009.99759364  53.63222316  009.99752305 101
112  53.63244466  009.99730092  53.63253774  009.99717893 101
112  53.63265157  009.99691982  53.63267905  009.99684701 101
116  53.63273961  009.99663518  53.63275587  009.99655196
120 Linear Feature 2
112  53.63630825  010.00033160  53.63634937  010.00048607 101
112  53.63628973  010.00121445  53.63615438  010.00158862 101
112  53.63579300  010.00166627  53.63564649  010.00171098 101
111  53.63461257  010.00200277 101
111  53.63405166  010.00215808 101
111  53.63335450  010.00230836 101
111  53.63271094  010.00244959 101
112  53.63243775  010.00248817  53.63236777  010.00249725 101
112  53.63208112  010.00252221  53.63201988  010.00252562 101
112  53.63186916  010.00251087  53.63183013  010.00250406 101
112  53.63165451  010.00248477  53.63162490  010.00248477 101
112  53.63147283  010.00249838  53.63141563  010.00251200 101
111  53.63110543  010.00258349 101
112  53.63072794  010.00265044  53.63068420  010.00264931 101
112  53.63051059  010.00260392  53.63046080  010.00258576 101
112  53.63034035  010.00250747  53.63030671  010.00247569 101
112  53.63021318  010.00229414  53.63018021  010.00223059 101
112  53.62999112  010.00185500  53.62995479  010.00178124 101
112  53.62958402  010.00105943  53.62954042  010.00100769 101
112  53.62932136  010.00049005  53.62924694  010.00016457 101
112  53.62911785  009.99965949  53.62905561  009.99946092 101
111  53.62885818  009.99881409 101
112  53.62869654  009.99828478  53.62864125  009.99810617 101
112  53.62862864  009.99775897  53.62864640  009.99756670 101
112  53.62883238  009.99735316  53.62888004  009.99730194 101
115  53.62895200  009.99723890
120 Linear Feature 1
111  53.61910533  009.96549330 101
112  53.61868390  009.96464994  53.61866549  009.96462544 101
112  53.61857257  009.96452601  53.61854406  009.96450238 101
112  53.61845715  009.96443227  53.61841649  009.96440706 101
112  53.61831276  009.96435349  53.61826509  009.96433773 101
112  53.61818238  009.96431567  53.61815154  009.96430937 101
112  53.61804080  009.96428810  53.61800388  009.96428180 101
112  53.61734195  009.96417449  53.61731586  009.96416858 101
112  53.61718853  009.96417318  53.61714375  009.96418237 101
112  53.61706547  009.96421388  53.61702692  009.96423423 101
112  53.61693697  009.96431038  53.61689258  009.96435962 101
112  53.61681743  009.96447647  53.61678861  009.96452898 101
112  53.61673760  009.96465962  53.61671501  009.96473249 101
112  53.61668152  009.96490645  53.61666712  009.96501739 101
112  53.61666984  009.96520842  53.61667412  009.96528260 101
112  53.61670878  009.96547691  53.61672397  009.96553074 101
112  53.61679834  009.96572834  53.61683573  009.96580777 101
111  53.61815569  009.96849079 101
111  53.62114522  009.97454412 101
111  53.62213608  009.97655296 101
111  53.62399634  009.98030888 101
112  53.62419201  009.98065383  53.62426145  009.98076956 101
112  53.62462885  009.98132640  53.62474431  009.98149386 101
112  53.62507295  009.98197311  53.62517146  009.98213240 101
112  53.62547184  009.98265386  53.62553886  009.98278865 101
111  53.62595428  009.98363182 101
111  53.62627210  009.98427364 101
112  53.62648938  009.98471488  53.62655060  009.98483858 101
112  53.62685478  009.98545575  53.62692342  009.98559190 101
112  53.62715287  009.98605937  53.62717171  009.98609455 101
112  53.62758967  009.98694735  53.62762222  009.98701205 101
112  53.62813615  009.98805011  53.62817148  009.98812197 101
112  53.62885008  009.98949135  53.62889354  009.98958196 101
112  53.62917168  009.99014544  53.62921549  009.99023354 101
112  53.63018779  009.99220322  53.63024825  009.99232282 101
112  53.63048207  009.99280799  53.63053343  009.99293217 101
112  53.63091828  009.99386463  53.63093090  009.99389536 101
112  53.63109491  009.99430276  53.63111921  009.99436423 101
112  53.63135612  009.99494658  53.63140332  009.99505848 101
112  53.63148603  009.99523421  53.63152668  009.99531853 101
112  53.63160332  009.99547298  53.63162715  009.99552184 101
112  53.63171219  009.99569284  53.63174724  009.99576613 101
112  53.63195285  009.99618694  53.63197434  009.99623028 101
112  53.63218147  009.99664787  53.63221185  009.99671013 101
112  53.63251885  009.99732874  53.63255343  009.99740045 101
112  53.63293288  009.99816948  53.63295858  009.99822202 101
111  53.63412670  010.00058223 101
112  53.63433815  010.00091875  53.63440355  010.00101272 101
112  53.63445684  010.00108761  53.63448268  010.00113392 101
112  53.63459411  010.00131912  53.63462803  010.00137768 101
112  53.63482343  010.00177124  53.63487673  010.00189381 101
112  53.63508102  010.00227920  53.63513027  010.00237861 101
112  53.63529197  010.00262809  53.63538168  010.00271510 101
112  53.63554150  010.00282386  53.63564523  010.00287398 101
112  53.63578990  010.00288249  53.63583757  010.00288060 101
112  53.63607196  010.00280211  53.63616280  010.00275199 101
112  53.63633380  010.00255028  53.63641183  010.00244152 101
112  53.63646510  010.00229966  53.63648660  010.00224370 101
112  53.63657398  010.00194027  53.63660576  010.00178265 101
112  53.63662538  010.00142957  53.63662445  010.00119235 101
112  53.63648264  010.00068676  53.63638996  010.00044638 101
116  53.63628193  010.00023488  53.63620763  010.00007647
21  53.63100385  009.99167032 6 273.3 3.00 New Light Fixture 31
21  53.61730409  009.96453239 6 2.1 3.00 New Light Fixture 41
21  53.61733462  009.96398661 6 3.3 3.00 New Light Fixture 40
21  53.62229112  009.97410598 6 328.6 3.00 New Light Fixture 39
21  53.62215963  009.97377160 6 319.3 3.00 New Light Fixture 38
21  53.62432947  009.97821352 6 303.2 3.00 New Light Fixture 37
21  53.62447593  009.97844117 6 302.7 3.00 New Light Fixture 36
21  53.62723864  009.98407399 6 319.5 3.00 New Light Fixture 35
21  53.62710918  009.98381543 6 320.8 3.00 New Light Fixture 34
21  53.62755638  009.98494411 6 0.6 3.00 New Light Fixture 33
21  53.62757476  009.98456451 6 3.7 3.00 New Light Fixture 32
21  53.63074525  009.99163491 6 276.9 3.00 New Light Fixture 30
21  53.63155957  009.99341270 6 12.7 3.00 New Light Fixture 29
21  53.63161321  009.99305439 6 14.5 3.00 New Light Fixture 28
21  53.62631305  009.99787810 6 78.9 3.00 New Light Fixture 26
21  53.62651051  009.99770687 6 68.7 3.00 New Light Fixture 25
21  53.62549705  010.00179653 6 242.6 3.00 New Light Fixture 24
21  53.62569797  010.00161360 6 241.9 3.00 New Light Fixture 23
21  53.62783987  009.99975811 6 222.1 3.00 New Light Fixture 22
21  53.62845603  009.99920257 6 244.1 3.00 New Light Fixture 21
21  53.62877677  009.99892591 6 244.2 3.00 New Light Fixture 20
21  53.62896337  009.99876613 6 244.7 3.00 New Light Fixture 19
21  53.63186222  009.99637563 6 231.0 3.00 New Light Fixture 18
21  53.63207990  009.99606562 6 232.6 3.00 New Light Fixture 17
21  53.63295730  009.99576865 6 279.1 3.00 New Light Fixture 16
21  53.63273077  009.99570630 6 281.2 3.00 New Light Fixture 15
21  53.65458513  009.97659661 6 242.8 3.00 New Light Fixture 14
21  53.65478345  009.97642380 6 244.4 3.00 New Light Fixture 13
21  53.64642532  009.98365677 6 190.2 3.00 New Light Fixture 12
21  53.64638518  009.98404845 6 187.9 3.00 New Light Fixture 11
21  53.63893474  009.99011979 6 306.3 3.00 New Light Fixture 10
21  53.63910363  009.99032230 6 305.8 3.00 New Light Fixture 9
21  53.63591496  009.99716139 6 125.3 3.00 New Light Fixture 8
21  53.63608276  009.99737181 6 125.2 3.00 New Light Fixture 7
21  53.63474298  009.99921540 6 291.0 3.00 New Light Fixture 6
21  53.63536644  010.00042459 6 287.8 3.00 New Light Fixture 5
21  53.63584192  010.00186694 6 349.8 3.00 New Light Fixture 4
21  53.63578928  010.00137243 6 351.0 3.00 New Light Fixture 3
21  53.63625552  010.00232143 6 323.9 3.00 New Light Fixture 2
21  53.63643755  010.00266073 6 325.6 3.00 New Light Fixture 1
21  53.62274788  009.97160709 2 50.2 3.00 VASI 05
21  53.63339827  009.99561045 2 232.2 3.00 VASI 23
21  53.65140718  009.97870906 2 152.9 3.00 VASI 15
21  53.63156316  009.99410768 2 332.9 3.00 VASI 33
14  53.62456470  009.99070294 164 0 Hamburg Helmut Schmidt
1300  53.62656494  009.98655199 63.2 tie_down jets|turboprops|props 106
1301 B general_aviation 
1300  53.62610851  009.98693073 63.2 tie_down jets|turboprops|props 107
1301 B general_aviation 
1300  53.62591308  009.98794541 242.2 tie_down jets|turboprops|props 105
1301 B general_aviation 
1300  53.62617487  009.98770744 -116.6 tie_down jets|turboprops|props 104
1301 B general_aviation 
1300  53.62643888  009.98747184 -116.6 tie_down jets|turboprops|props 103
1301 B general_aviation 
1300  53.62670532  009.98724206 -116.6 tie_down jets|turboprops|props 102
1301 B general_aviation 
1300  53.62696426  009.98701117 -116.6 tie_down jets|turboprops|props 101
1301 B general_aviation 
1300  53.62606477  009.98877990 243.9 tie_down turboprops|props 903
1301 A general_aviation 
1300  53.62620142  009.98866101 245.1 tie_down turboprops|props 902
1301 A general_aviation 
1300  53.62638727  009.98850524 242.9 tie_down turboprops|props 901
1301 A general_aviation 
1300  53.62685561  009.98812127 242.6 tie_down turboprops|props 804
1301 A general_aviation 
1300  53.62701631  009.98799408 241.7 tie_down turboprops|props 803
1301 A general_aviation 
1300  53.62714203  009.98789915 243.4 tie_down turboprops|props 802
1301 A general_aviation 
1300  53.62730820  009.98774799 242.2 tie_down turboprops|props 801
1301 A general_aviation 
1300  53.62602483  009.98927045 64.8 tie_down turboprops|props 717
1301 A general_aviation 
1300  53.62617201  009.98914074 63.7 tie_down turboprops|props 716
1301 A general_aviation 
1300  53.62632512  009.98902393 64.2 tie_down turboprops|props 714
1301 A general_aviation 
1300  53.62647365  009.98888891 62.6 tie_down turboprops|props 712
1301 A general_aviation 
1300  53.62700019  009.98846242 62.0 tie_down turboprops|props 711
1301 A general_aviation 
1300  53.62713262  009.98833541 60.0 tie_down turboprops|props 710
1301 A general_aviation 
1300  53.62728393  009.98820599 60.0 tie_down turboprops|props 708
1301 A general_aviation 
1300  53.62742882  009.98807806 60.0 tie_down turboprops|props 707
1301 A general_aviation 
1300  53.62766074  009.98861476 241.3 tie_down jets|turboprops|props 701
1301 B general_aviation 
1300  53.62735565  009.98886384 241.3 tie_down jets|turboprops|props 702
1301 B general_aviation 
1300  53.62706129  009.98911635 241.3 tie_down jets|turboprops|props 703
1301 B general_aviation 
1300  53.62676788  009.98937826 241.3 tie_down jets|turboprops|props 704
1301 B general_aviation 
1300  53.62646986  009.98964204 241.3 tie_down jets|turboprops|props 705
1301 B general_aviation 
1300  53.62617804  009.98989849 241.3 tie_down jets|turboprops|props 706
1301 B general_aviation 
1300  53.63448801  010.00313837 86.9 gate heavy|jets|turboprops Gate 01A
1301 C airline baw afr klm dlh vir sas aza ibe sva ber ryr vlg ezy
1300  53.63411564  010.00369684 85.9 gate heavy|jets|turboprops Gate 01B
1301 C airline baw afr klm dlh vir sas aza ibe sva ber ryr vlg ezy
1300  53.63367590  010.00380729 87.2 gate heavy|jets|turboprops Gate 02A
1301 C airline baw afr klm dlh vir sas aza ibe sva ber ryr vlg ezy
1300  53.63322923  010.00388627 86.7 gate heavy|jets|turboprops Gate 02C
1301 D airline baw afr klm dlh vir sas aza ibe sva
1300  53.63279396  010.00392538 87.6 gate heavy|jets|turboprops Gate 03
1301 C airline baw afr klm dlh vir sas aza ibe sva ber ryr vlg ezy
1300  53.63235228  010.00398898 86.9 gate heavy|jets|turboprops Gate 03B
1301 D airline 
1300  53.63189747  010.00403762 87.6 gate heavy|jets|turboprops Gate 04
1301 C airline baw afr klm dlh vir sas aza ibe sva ber ryr vlg ezy
1300  53.63145932  010.00410330 85.9 gate heavy|jets|turboprops Gate 04B
1301 D airline baw afr klm dlh vir sas aza ibe sva
1300  53.63095748  010.00416465 85.5 gate heavy|jets|turboprops Gate 05A
1301 C airline baw afr klm dlh vir sas aza ibe sva ber ryr vlg ezy
1300  53.63052242  010.00421560 86.3 gate heavy|jets|turboprops Gate 05B
1301 C airline baw afr klm dlh vir sas aza ibe sva ber ryr vlg ezy
1300  53.62873784  010.00252117 121.4 gate heavy|jets|turboprops Gate 08
1301 C airline baw afr klm dlh vir sas aza ibe sva ber ryr vlg ezy
1300  53.62845821  010.00228089 65.1 gate heavy|jets|turboprops Gate 09
1301 C airline baw afr klm dlh vir sas aza ibe sva ber ryr vlg ezy
1300  53.62810601  010.00258261 61.7 gate heavy|jets|turboprops Gate 10
1301 C airline baw afr klm dlh vir sas aza ibe sva ber ryr vlg ezy
1300  53.62776377  010.00292140 62.9 gate heavy|jets|turboprops Gate 11
1301 C airline baw afr klm dlh vir sas aza ibe sva ber ryr vlg ezy
1300  53.62741317  010.00321058 65.1 gate heavy|jets|turboprops Gate 12
1301 C airline baw afr klm dlh vir sas aza ibe sva ber ryr vlg ezy
1300  53.62688465  010.00364979 62.9 gate heavy|jets|turboprops Park 42
1301 C airline baw afr klm dlh vir sas aza ibe sva ber ryr vlg ezy
1300  53.62654964  010.00394243 63.1 gate heavy|jets|turboprops Park 43
1301 C airline baw afr klm dlh vir sas aza ibe sva ber ryr vlg ezy
1300  53.62546803  010.00363631 242.7 gate jets|turboprops|props|helos 44
1301 C cargo 
1300  53.62512459  010.00391018 241.9 gate jets|turboprops|props|helos 45
1301 C cargo 
1300  53.62465856  010.00436296 243.1 gate jets|turboprops|props|helos 46
1301 C cargo 
1300  53.62434128  010.00464147 243.7 gate jets|turboprops|props|helos 47
1301 C cargo 
1300  53.62397472  010.00496176 244.4 gate jets|turboprops|props|helos 48
1301 C cargo 
1300  53.63379862  010.00108167 319.0 gate heavy|jets|turboprops 51
1301 C airline baw afr klm dlh vir sas aza ibe sva ber ryr vlg ezy
1300  53.63355871  010.00066928 316.6 gate heavy|jets|turboprops 52
1301 C airline baw afr klm dlh vir sas aza ibe sva ber ryr vlg ezy
1300  53.63329631  010.00015912 316.7 gate heavy|jets|turboprops 53
1301 C airline baw afr klm dlh vir sas aza ibe sva ber ryr vlg ezy
1300  53.63305786  009.99965974 316.7 gate heavy|jets|turboprops 54
1301 C airline baw afr klm dlh vir sas aza ibe sva ber ryr vlg ezy
1300  53.63281341  009.99917863 -44.6 gate heavy|jets|turboprops 55
1301 C airline baw afr klm dlh vir sas aza ibe sva ber ryr vlg ezy
1300  53.63234460  009.99840011 319.2 gate heavy|jets|turboprops 56
1301 C airline baw afr klm dlh vir sas aza ibe sva ber ryr vlg ezy
1300  53.63202235  010.00124244 -45.0 gate heavy|jets|turboprops 61
1301 C airline baw afr klm dlh vir sas aza ibe sva ber ryr vlg ezy
1300  53.63183811  010.00082818 -45.0 gate heavy|jets|turboprops 62
1301 C airline baw afr klm dlh vir sas aza ibe sva ber ryr vlg ezy
1300  53.63159376  010.00035594 317.2 gate heavy|jets|turboprops 63
1301 C airline baw afr klm dlh vir sas aza ibe sva ber ryr vlg ezy
1300  53.63136546  009.99987361 317.2 gate heavy|jets|turboprops 64
1301 C airline baw afr klm dlh vir sas aza ibe sva ber ryr vlg ezy
1300  53.63113757  009.99936934 315.9 gate heavy|jets|turboprops 65
1301 C airline baw afr klm dlh vir sas aza ibe sva ber ryr vlg ezy
1300  53.62920669  009.99218837 -117.2 tie_down heavy|jets 81
1301 C airline baw afr klm dlh vir sas aza ibe sva ber ryr vlg ezy
1300  53.62877170  009.99250233 -117.2 tie_down heavy|jets 82
1301 C airline baw afr klm dlh vir sas aza ibe sva ber ryr vlg ezy
1300  53.62835786  009.99289390 -117.2 tie_down heavy|jets 83
1301 C airline baw afr klm dlh vir sas aza ibe sva ber ryr vlg ezy
1300  53.62795660  009.99323086 -117.2 tie_down heavy|jets 84
1301 C airline baw afr klm dlh vir sas aza ibe sva ber ryr vlg ezy
1300  53.62755465  009.99355680 241.2 tie_down heavy|jets 85
1301 C airline baw afr klm dlh vir sas aza ibe sva ber ryr vlg ezy
1300  53.62713615  009.99392414 -117.3 tie_down heavy|jets 86
1301 C airline baw afr klm dlh vir sas aza ibe sva ber ryr vlg ezy
1300  53.62838127  009.99112312 62.6 tie_down heavy|jets 91
1301 C airline baw afr klm dlh vir sas aza ibe sva ber ryr vlg ezy
1300  53.62796087  009.99150965 62.6 tie_down heavy|jets 92
1301 C airline baw afr klm dlh vir sas aza ibe sva ber ryr vlg ezy
1300  53.62752668  009.99185933 62.6 tie_down heavy|jets 93
1301 C airline baw afr klm dlh vir sas aza ibe sva ber ryr vlg ezy
1300  53.62709613  009.99221755 62.6 tie_down heavy|jets 94
1301 C airline baw afr klm dlh vir sas aza ibe sva ber ryr vlg ezy
1300  53.62665195  009.99272383 62.6 tie_down heavy|jets 95
1301 C airline baw afr klm dlh vir sas aza ibe sva ber ryr vlg ezy
19  53.65413356  009.97727159 1 New Windsock 45
19  53.63333996  009.99711803 1 New Windsock 44
19  53.62869470  009.99555494 1 New Windsock 43
19  53.61980350  009.96500572 1 New Windsock 42
1052 136675 Bremen Radar
1056 134250 Bremen Radar
1055 118200 Hamburg Director
1053 121700 Hamburg Apron Ramp/Taxi
1053 121975 Hamburg Apron Ramp/Taxi
1053 121800 Hamburg Ground
1054 121840 Hamburg Tower
1054 126850 Hamburg Tower
1054 121275 Hamburg Tower
1050 123125 Hamburg ATIS
1200 
1201  53.62220054  009.97394065 both 0 D3_stop
1201  53.62187016  009.97451587 both 1 D3_stop
1201  53.62177766  009.97512654 both 2 D3_stop
1201  53.62438725  009.97833407 both 3 D4_stop
1201  53.62426666  009.97871523 both 4 D4_stop
1201  53.62427544  009.97916087 both 5 D4_stop
1201  53.62544149  009.98593285 both 6 F_stop
1201  53.62622249  009.98525829 both 7 F_stop
1201  53.62716126  009.98396772 both 8 D6_stop
1201  53.62668752  009.98462724 both 9 D7_stop
1201  53.62753545  009.98475275 both 10 D7_stop
1201  53.63089292  009.99170720 both 11 D8_stop
1201  53.63155249  009.99323166 both 12 D9_stop
1201  53.63222078  009.99354288 both 13 D9_stop
1201  53.62680522  009.98793730 both 14 Y5_stop
1201  53.62716013  009.98762780 both 15 Y5_stop
1201  53.62722568  009.98731673 both 16 Y5_stop
1201  53.62750381  009.98705934 both 17 Y5_stop
1201  53.62539856  009.98796872 both 18 Y7_stop
1201  53.62719554  009.98640913 both 19 Y7_stop
1201  53.62566904  009.98993774 both 20 Y4_stop
1201  53.62792414  009.98800233 both 21 Y4_stop
1201  53.62763461  009.98824973 both 22 unnamed entity(split)
1201  53.62678424  009.98897635 both 23 unnamed entity(split)
1201  53.62673434  009.98879149 both 24 unnamed entity(split)
1201  53.62592327  009.98971857 both 25 unnamed entity(split)
1201  53.62610398  009.99124615 both 26 Y3_stop
1201  53.62825127  009.98938507 both 27 Y3_stop
1201  53.62661945  009.99615093 both 28 Y1_stop
1201  53.61730366  009.96416672 both 29 D1_stop
1201  53.61703102  009.96419029 both 30 D1_stop
1201  53.61682131  009.96441027 both 31 D1_stop
1201  53.61667684  009.96479523 both 32 D1_stop
1201  53.61664654  009.96525483 both 33 D1_stop
1201  53.61678816  009.96573206 both 34 D1_stop
1201  53.62115139  009.97453641 both 35 D1_stop
1201  53.62392876  009.98014758 both 36 D1_stop
1201  53.62177577  009.97579179 both 37 unnamed entity(split)
1201  53.62545949  009.98264048 both 38 D1_stop
1201  53.62450707  009.98108881 both 39 unnamed entity(split)
1201  53.62550010  009.98878652 both 40 Y6_stop
1201  53.62570711  009.98859821 both 41 Y6_stop
1201  53.62595246  009.98866453 both 42 Y6_stop
1201  53.62654336  009.98816871 both 43 Y6_stop
1201  53.63092203  009.99385183 both 44 D1_stop
1201  53.63050160  009.99280893 both 45 unnamed entity(split)
1201  53.62857082  009.98894196 both 46 unnamed entity(split)
1201  53.62803431  009.98785097 both 47 unnamed entity(split)
1201  53.62758661  009.98693889 both 48 unnamed entity(split)
1201  53.62727423  009.98630047 both 49 unnamed entity(split)
1201  53.62654027  009.98482642 both 50 unnamed entity(split)
1201  53.62421249  010.00580053 both 51 Z8_stop
1201  53.62610982  010.00415208 both 52 Z8_stop
1201  53.62388057  010.00460990 both 53 Z7_stop
1201  53.62559962  010.00174029 both 54 B1_stop
1201  53.62732304  009.99897476 both 55 B3_stop
1201  53.62804028  009.99962282 both 56 B3_stop
1201  53.62835272  009.99933600 both 57 B4_stop
1201  53.62887810  009.99888002 both 58 B5_stop
1201  53.63198914  009.99624958 both 59 B6_stop
1201  53.63156207  010.00207688 both 60 Z2_stop
1201  53.63118180  010.00103173 both 61 Z2_stop
1201  53.63150424  010.00190799 both 62 unnamed entity(split)
1201  53.63057983  010.00052690 both 63 Z2_stop
1201  53.63289869  010.00201773 both 64 Z4_stop
1201  53.63160007  009.99899946 both 65 Z4_stop
1201  53.63224938  010.00050860 both 66 unnamed entity(split)
1201  53.62595715  010.00292783 both 67 Z5_stop
1201  53.63016673  009.99931081 both 68 Z5_stop
1201  53.62927438  010.00020392 both 69 Z1_stop
1201  53.62872946  010.00056234 both 70 unnamed entity(split)
1201  53.62951765  010.00095142 both 71 Z1_stop
1201  53.63036434  010.00257557 both 72 Z1_stop
1201  53.63026086  010.00245056 both 73 unnamed entity(split)
1201  53.63048601  010.00262002 both 74 Z1_stop
1201  53.63134847  010.00251265 both 75 Z1_stop
1201  53.63258999  010.00247021 both 76 Z1_stop
1201  53.63156843  010.00250657 both 77 unnamed entity(split)
1201  53.63403843  010.00215427 both 78 Z1_stop
1201  53.63292491  010.00239695 both 79 unnamed entity(split)
1201  53.63284804  009.99577901 both 80 A6_stop
1201  53.63275585  009.99664629 both 81 A6_stop
1201  53.63485053  009.99950407 both 82 A5_stop
1201  53.63546210  009.99940308 both 83 A4_stop
1201  53.63523690  010.00028549 both 84 A4_stop
1201  53.63642416  010.00145564 both 85 A3_stop
1201  53.63579172  010.00163531 both 86 A3_stop
1201  53.63659471  010.00187839 both 87 A1_stop
1201  53.63634065  010.00252793 both 88 A1_stop
1201  53.63611087  010.00277082 both 89 A1_stop
1201  53.63580665  010.00290727 both 90 A1_stop
1201  53.63553641  010.00284723 both 91 A1_stop
1201  53.63524838  010.00259342 both 92 A1_stop
1201  53.63483373  010.00191803 both 93 Z3_stop
1201  53.63443608  010.00203615 both 94 unnamed entity(split)
1201  53.63419795  010.00210050 both 95 unnamed entity(split)
1201  53.63251660  009.99732488 both 96 Z3_start
1201  53.63137304  009.99829623 both 97 unnamed entity(split)
1201  53.63446055  010.00116881 both 98 unnamed entity(split)
1201  53.63900999  009.99026123 both 99 E4_stop
1201  53.63972381  009.98860131 both 100 E4_stop
1201  53.64698845  009.98423788 both 101 E3_stop
1201  53.64680398  009.98394033 both 102 E3_stop
1201  53.64643555  009.98384376 both 103 E3_stop
1201  53.63785817  009.99294609 both 104 E1_stop
1201  53.63600752  009.99723319 both 105 unnamed entity(split)
1201  53.65419886  009.97880415 both 106 E1_stop
1201  53.64713409  009.98491488 both 107 unnamed entity(split)
1201  53.65456942  009.97847924 both 108 E1_stop
1201  53.65478626  009.97800690 both 109 E1_stop
1201  53.65486232  009.97750451 both 110 E1_stop
1201  53.65482348  009.97701851 both 111 E1_stop
1201  53.65471506  009.97656528 both 112 E1_stop
1201  53.62640119  009.99776099 both 113 G_stop
1201  53.62625173  009.99647394 both 114 G_stop
1201  53.62469737  009.98277825 both 115 G_stop
1201  53.62506841  009.98605601 both 116 unnamed entity(split)
1201  53.62529181  009.98800283 both 117 unnamed entity(split)
1201  53.62538448  009.98882307 both 118 unnamed entity(split)
1201  53.62551787  009.98998779 both 119 unnamed entity(split)
1201  53.62567451  009.99138449 both 120 unnamed entity(split)
1201  53.62615729  009.99563029 both 121 unnamed entity(split)
1201  53.62622857  009.99627773 both 122 unnamed entity(split)
1201  53.63669206  010.00105380 both 123 _stop
1201  53.61859168  009.96441506 both 124 _start
1201  53.62329757  009.97392327 both 125 unnamed entity(split)
1201  53.62261781  009.97359180 both 126 unnamed entity(split)
1201  53.62502628  009.97741846 both 127 unnamed entity(split)
1201  53.62780273  009.98305343 both 128 unnamed entity(split)
1201  53.62891253  009.98529302 both 129 unnamed entity(split)
1201  53.63092593  009.98937243 both 130 unnamed entity(split)
1201  53.62521701  010.00045308 both 131 _stop
1201  53.65428834  009.97533854 both 132 _start
1201  53.64474104  009.98358433 both 133 unnamed entity(split)
1201  53.63955687  009.98806771 both 134 unnamed entity(split)
1201  53.63305248  009.99368857 both 135 unnamed entity(split)
1201  53.63142560  009.99509127 both 136 unnamed entity(split)
1201  53.62849940  009.99763505 both 137 unnamed entity(split)
1201  53.62798526  009.99808346 both 138 unnamed entity(split)
1201  53.62724067  009.99872202 both 139 unnamed entity(split)
1201  53.62679418  009.99910258 both 140 unnamed entity(split)
1201  53.63517740  009.99798396 both 141 unnamed entity(split)
1201  53.63544952  009.99853557 both 142 unnamed entity(split)
1201  53.63278526  010.00175409 both 143 unnamed entity(split)
1202 125 126 oneway taxiway_C D3
1204 departure 05,23
1204 arrival 05,23
1202 126 0 oneway taxiway_C D3
1204 departure 05,23
1204 arrival 05,23
1202 0 1 oneway taxiway_C D3
1202 1 2 oneway taxiway_C D3
1202 2 37 oneway taxiway_C D3
1202 3 127 twoway taxiway_C D4
1204 departure 05,23
1204 arrival 05,23
1202 4 3 twoway taxiway_C D4
1202 5 4 twoway taxiway_C D4
1202 39 5 twoway taxiway_C D4
1202 6 116 twoway taxiway_C F
1202 7 6 twoway taxiway_C F
1202 50 7 twoway taxiway_C F
1202 8 128 twoway taxiway_C D6
1204 departure 05,23
1204 arrival 05,23
1202 9 8 twoway taxiway_C D6
1202 9 50 twoway taxiway_C D7
1202 10 9 oneway taxiway_C D7
1202 129 10 oneway taxiway_C D7
1204 departure 05,23
1204 arrival 05,23
1202 11 45 oneway taxiway_C D8
1202 130 11 oneway taxiway_C D8
1204 departure 05,23
1204 arrival 05,23
1202 12 45 oneway taxiway_C D9
1202 13 12 oneway taxiway_C D9
1204 departure 15,23,33
1204 arrival 15,23,33
1202 135 13 oneway taxiway_C D9
1204 departure 05,15,23,33
1204 arrival 05,15,23,33
1202 15 14 twoway taxiway_A Y5
1202 16 15 twoway taxiway_A Y5
1202 17 16 twoway taxiway_A Y5
1202 48 17 twoway taxiway_A Y5
1202 18 117 twoway taxiway_B Y7
1202 19 18 twoway taxiway_B Y7
1202 49 19 twoway taxiway_B Y7
1202 20 119 twoway taxiway_B Y4
1202 21 22 twoway taxiway_B Y4
1202 22 23 twoway taxiway_B Y4
1202 23 25 twoway taxiway_B Y4
1202 25 20 twoway taxiway_B Y4
1202 47 21 twoway taxiway_B Y4
1202 26 120 twoway taxiway_C Y3
1202 27 26 twoway taxiway_C Y3
1202 46 27 twoway taxiway_C Y3
1202 28 122 twoway taxiway_C Y1
1202 45 28 twoway taxiway_C Y1
1202 29 124 twoway taxiway_C D1
1204 departure 05,23
1204 arrival 05,23
1202 30 29 twoway taxiway_C D1
1202 31 30 twoway taxiway_C D1
1202 32 31 twoway taxiway_C D1
1202 33 32 twoway taxiway_C D1
1202 34 33 twoway taxiway_C D1
1202 35 34 twoway taxiway_C D1
1202 36 37 twoway taxiway_C D1
1202 37 35 twoway taxiway_C D1
1202 38 39 twoway taxiway_C D1
1202 39 36 twoway taxiway_C D1
1202 44 45 twoway taxiway_C D1
1202 45 46 twoway taxiway_C D1
1202 46 47 twoway taxiway_C D1
1202 47 48 twoway taxiway_C D1
1202 48 49 twoway taxiway_C D1
1202 49 50 twoway taxiway_C D1
1202 50 38 twoway taxiway_C D1
1202 40 118 twoway taxiway_A Y6
1202 41 40 twoway taxiway_A Y6
1202 42 41 twoway taxiway_A Y6
1202 43 42 twoway taxiway_A Y6
1202 23 24 twoway taxiway_A Y6
1202 24 43 twoway taxiway_A Y6
1202 136 44 twoway taxiway_C D1
1204 departure 15,33
1204 arrival 15,33
1202 52 51 twoway taxiway_C Z8
1202 67 52 twoway taxiway_C Z8
1202 67 53 twoway taxiway_C Z7
1202 54 131 twoway taxiway_C B1
1204 departure 15,33
1204 arrival 15,33
1202 67 54 twoway taxiway_C B1
1202 55 139 twoway taxiway_C B3
1204 departure 15,33
1204 arrival 15,33
1202 56 55 twoway taxiway_C B3
1204 departure 15,33
1204 arrival 15,33
1202 70 56 twoway taxiway_C B3
1202 57 138 twoway taxiway_C B4
1204 departure 15,33
1204 arrival 15,33
1202 70 57 twoway taxiway_C B4
1202 58 137 twoway taxiway_C B5
1204 departure 15,33
1204 arrival 15,33
1202 69 58 twoway taxiway_C B5
1202 59 136 twoway taxiway_C B6
1204 departure 15,33
1204 arrival 15,33
1202 96 59 twoway taxiway_C B6
1202 60 77 twoway taxiway_C Z2
1202 61 62 twoway taxiway_C Z2
1202 62 60 twoway taxiway_C Z2
1202 63 61 twoway taxiway_C Z2
1202 68 63 twoway taxiway_C Z2
1202 64 79 twoway taxiway_C Z4
1202 65 66 twoway taxiway_C Z4
1202 66 143 twoway taxiway_C Z4
1202 143 64 twoway taxiway_C Z4
1202 97 65 twoway taxiway_C Z4
1202 69 70 twoway taxiway_C Z5
1202 70 67 twoway taxiway_C Z5
1202 68 69 twoway taxiway_C Z5
1202 96 97 twoway taxiway_C Z5
1202 97 68 twoway taxiway_C Z5
1202 71 69 twoway taxiway_C Z1
1202 72 73 twoway taxiway_C Z1
1202 73 71 twoway taxiway_C Z1
1202 74 72 twoway taxiway_C Z1
1202 75 74 twoway taxiway_C Z1
1202 76 77 twoway taxiway_C Z1
1202 77 75 twoway taxiway_C Z1
1202 78 79 twoway taxiway_C Z1
1202 79 76 twoway taxiway_C Z1
1202 93 94 twoway taxiway_C Z1
1202 94 95 twoway taxiway_C Z1
1202 95 78 twoway taxiway_C Z1
1202 135 80 oneway taxiway_C A6
1204 departure 05,15,23,33
1204 arrival 05,15,23,33
1202 80 81 oneway taxiway_C A6
1202 81 96 oneway taxiway_C A6
1202 82 141 twoway taxiway_C A5
1204 departure 05,23
1204 arrival 05,23
1202 98 82 twoway taxiway_C A5
1202 83 142 twoway taxiway_C A4
1204 departure 05,23
1204 arrival 05,23
1202 84 83 twoway taxiway_C A4
1204 departure 05,23
1204 arrival 05,23
1202 93 84 twoway taxiway_C A4
1202 85 123 twoway taxiway_C A3
1204 departure 05,23
1204 arrival 05,23
1202 86 85 twoway taxiway_C A3
1204 departure 05,23
1204 arrival 05,23
1202 93 86 twoway taxiway_C A3
1202 87 123 twoway taxiway_C A1
1204 departure 05,23
1204 arrival 05,23
1202 88 87 twoway taxiway_C A1
1204 departure 05,23
1204 arrival 05,23
1202 89 88 twoway taxiway_C A1
1202 90 89 twoway taxiway_C A1
1202 91 90 twoway taxiway_C A1
1202 92 91 twoway taxiway_C A1
1202 93 92 twoway taxiway_C A1
1202 96 98 twoway taxiway_C Z3
1202 98 93 twoway taxiway_C Z3
1202 99 104 twoway taxiway_C E4
1202 100 99 twoway taxiway_C E4
1204 departure 15,33
1204 arrival 15,33
1202 134 100 twoway taxiway_C E4
1204 departure 15,33
1204 arrival 15,33
1202 101 107 oneway taxiway_C E3
1202 102 101 oneway taxiway_C E3
1202 103 102 oneway taxiway_C E3
1202 133 103 oneway taxiway_C E3
1204 departure 15,33
1204 arrival 15,33
1202 104 105 twoway taxiway_C E1
1202 105 142 twoway taxiway_C E1
1204 departure 05,23
1204 arrival 05,23
1202 106 107 twoway taxiway_C E1
1202 107 104 twoway taxiway_C E1
1202 108 106 twoway taxiway_C E1
1202 109 108 twoway taxiway_C E1
1202 110 109 twoway taxiway_C E1
1202 111 110 twoway taxiway_C E1
1202 112 111 twoway taxiway_C E1
1202 132 112 twoway taxiway_C E1
1204 departure 15,33
1204 arrival 15,33
1202 124 125 twoway runway 05/23
1204 departure 05,23
1204 arrival 05,23
1204 ils 05,23
1202 125 127 twoway runway 05/23
1204 departure 05,23
1204 arrival 05,23
1204 ils 05,23
1202 127 128 twoway runway 05/23
1204 departure 05,23
1204 arrival 05,23
1204 ils 05,23
1202 128 129 twoway runway 05/23
1204 departure 05,23
1204 arrival 05,23
1204 ils 05,23
1202 129 130 twoway runway 05/23
1204 departure 05,23
1204 arrival 05,23
1204 ils 05,23
1202 130 135 twoway runway 05/23
1204 departure 05,15,23,33
1204 arrival 05,15,23,33
1204 ils 05,23
1202 135 141 twoway runway 05/23
1204 departure 05,15,23,33
1204 arrival 05,15,23,33
1204 ils 05,23
1202 141 142 twoway runway 05/23
1204 departure 05,23
1204 arrival 05,23
1204 ils 05,23
1202 113 140 twoway taxiway_C G
1204 departure 15,33
1204 arrival 15,33
1202 114 113 twoway taxiway_C G
1202 115 116 twoway taxiway_C G
1202 116 117 twoway taxiway_C G
1202 117 118 twoway taxiway_C G
1202 118 119 twoway taxiway_C G
1202 119 120 twoway taxiway_C G
1202 120 121 twoway taxiway_C G
1202 121 122 twoway taxiway_C G
1202 122 114 twoway taxiway_C G
1202 39 115 twoway taxiway_C G
1202 142 123 twoway runway 05/23
1204 departure 05,23
1204 arrival 05,23
1204 ils 05,23
1202 132 133 twoway runway 15/33
1204 departure 15,33
1204 arrival 15,33
1204 ils 15,33
1202 133 134 twoway runway 15/33
1204 departure 15,33
1204 arrival 15,33
1204 ils 15,33
1202 134 135 twoway runway 15/33
1204 departure 05,15,23,33
1204 arrival 05,15,23,33
1204 ils 15,33
1202 135 136 twoway runway 15/33
1204 departure 05,15,23,33
1204 arrival 05,15,23,33
1204 ils 15,33
1202 136 137 twoway runway 15/33
1204 departure 15,33
1204 arrival 15,33
1204 ils 15,33
1202 137 138 twoway runway 15/33
1204 departure 15,33
1204 arrival 15,33
1204 ils 15,33
1202 138 139 twoway runway 15/33
1204 departure 15,33
1204 arrival 15,33
1204 ils 15,33
1202 139 140 twoway runway 15/33
1204 departure 15,33
1204 arrival 15,33
1204 ils 15,33
1202 140 131 twoway runway 15/33
1204 departure 15,33
1204 arrival 15,33
1204 ils 15,33
99
